
SUMMARISING RUN PARAMETERS
==========================
Input filename: 00_raw_reads/WR069V1WR_R1.fastq.gz
Trimming mode: paired-end
Trim Galore version: 0.6.6
Cutadapt version: 3.4
Python version: could not detect
Number of cores used for trimming: 8
Quality Phred score cutoff: 20
Quality encoding type selected: ASCII+33
Using Illumina adapter for trimming (count: 21540). Second best hit was Nextera (count: 0)
Adapter sequence: 'AGATCGGAAGAGC' (Illumina TruSeq, Sanger iPCR; auto-detected)
Maximum trimming error rate: 0.1 (default)
Minimum required adapter overlap (stringency): 1 bp
Minimum required sequence length for both reads before a sequence pair gets removed: 20 bp
All Read 1 sequences will be trimmed by 10 bp from their 5' end to avoid poor qualities or biases
All Read 2 sequences will be trimmed by 15 bp from their 5' end to avoid poor qualities or biases (e.g. M-bias for BS-Seq applications)
All Read 1 sequences will be trimmed by 10 bp from their 3' end to avoid poor qualities or biases
All Read 2 sequences will be trimmed by 10 bp from their 3' end to avoid poor qualities or biases
Output file will be GZIP compressed


This is cutadapt 3.4 with Python 3.9.6
Command line parameters: -j 8 -e 0.1 -q 20 -O 1 -a AGATCGGAAGAGC 00_raw_reads/WR069V1WR_R1.fastq.gz
Processing reads on 8 cores in single-end mode ...
Finished in 845.14 s (5 µs/read; 11.81 M reads/minute).

=== Summary ===

Total reads processed:             166,282,895
Reads with adapters:                66,111,365 (39.8%)
Reads written (passing filters):   166,282,895 (100.0%)

Total basepairs processed: 25,108,717,145 bp
Quality-trimmed:              24,055,815 bp (0.1%)
Total written (filtered):  24,882,456,138 bp (99.1%)

=== Adapter 1 ===

Sequence: AGATCGGAAGAGC; Type: regular 3'; Length: 13; Trimmed: 66111365 times

No. of allowed errors:
1-9 bp: 0; 10-13 bp: 1

Bases preceding removed adapters:
  A: 30.6%
  C: 11.0%
  G: 14.6%
  T: 43.8%
  none/other: 0.0%

Overview of removed sequences
length	count	expect	max.err	error counts
1	44129174	41570723.8	0	44129174
2	10242766	10392680.9	0	10242766
3	3925050	2598170.2	0	3925050
4	1556536	649542.6	0	1556536
5	386326	162385.6	0	386326
6	368563	40596.4	0	368563
7	288991	10149.1	0	288991
8	334281	2537.3	0	334281
9	292849	634.3	0	290484 2365
10	267445	158.6	1	255738 11707
11	308233	39.6	1	284993 23240
12	272749	9.9	1	260090 12659
13	222844	2.5	1	212285 10559
14	239735	2.5	1	222896 16839
15	224295	2.5	1	213467 10828
16	203300	2.5	1	188683 14617
17	223704	2.5	1	205872 17832
18	259690	2.5	1	249482 10208
19	77263	2.5	1	73096 4167
20	167293	2.5	1	158410 8883
21	162764	2.5	1	154583 8181
22	125690	2.5	1	120667 5023
23	144504	2.5	1	136279 8225
24	131699	2.5	1	120219 11480
25	125403	2.5	1	119250 6153
26	88335	2.5	1	84046 4289
27	106345	2.5	1	100159 6186
28	92257	2.5	1	87580 4677
29	92737	2.5	1	85549 7188
30	106396	2.5	1	101950 4446
31	42461	2.5	1	40178 2283
32	69515	2.5	1	66258 3257
33	63313	2.5	1	59391 3922
34	60071	2.5	1	56512 3559
35	54120	2.5	1	51079 3041
36	56890	2.5	1	52671 4219
37	64794	2.5	1	62408 2386
38	14934	2.5	1	14093 841
39	39312	2.5	1	37101 2211
40	35863	2.5	1	33993 1870
41	39624	2.5	1	36515 3109
42	26593	2.5	1	25533 1060
43	39402	2.5	1	36792 2610
44	14234	2.5	1	13436 798
45	38267	2.5	1	36364 1903
46	5692	2.5	1	5289 403
47	19551	2.5	1	18456 1095
48	28822	2.5	1	27365 1457
49	8643	2.5	1	8180 463
50	18117	2.5	1	17055 1062
51	12871	2.5	1	12114 757
52	10352	2.5	1	9959 393
53	10861	2.5	1	10358 503
54	21397	2.5	1	20299 1098
55	9965	2.5	1	9596 369
56	2347	2.5	1	2139 208
57	13475	2.5	1	12948 527
58	3004	2.5	1	2859 145
59	3488	2.5	1	3304 184
60	7035	2.5	1	6745 290
61	1361	2.5	1	1261 100
62	5503	2.5	1	5217 286
63	8862	2.5	1	8554 308
64	1434	2.5	1	1333 101
65	2223	2.5	1	2091 132
66	4202	2.5	1	4064 138
67	3275	2.5	1	3103 172
68	3899	2.5	1	3707 192
69	3648	2.5	1	3430 218
70	6555	2.5	1	6221 334
71	1253	2.5	1	1144 109
72	791	2.5	1	726 65
73	1036	2.5	1	960 76
74	1660	2.5	1	1587 73
75	2061	2.5	1	1944 117
76	2090	2.5	1	1966 124
77	1921	2.5	1	1802 119
78	1800	2.5	1	1684 116
79	1719	2.5	1	1632 87
80	1645	2.5	1	1524 121
81	1582	2.5	1	1475 107
82	1451	2.5	1	1348 103
83	1416	2.5	1	1313 103
84	1405	2.5	1	1305 100
85	1370	2.5	1	1267 103
86	1313	2.5	1	1227 86
87	1173	2.5	1	1080 93
88	1117	2.5	1	1044 73
89	1082	2.5	1	1022 60
90	1060	2.5	1	985 75
91	1021	2.5	1	954 67
92	984	2.5	1	934 50
93	965	2.5	1	914 51
94	966	2.5	1	906 60
95	823	2.5	1	759 64
96	865	2.5	1	809 56
97	835	2.5	1	777 58
98	765	2.5	1	702 63
99	772	2.5	1	708 64
100	762	2.5	1	706 56
101	732	2.5	1	678 54
102	690	2.5	1	635 55
103	725	2.5	1	676 49
104	706	2.5	1	652 54
105	637	2.5	1	591 46
106	620	2.5	1	575 45
107	582	2.5	1	538 44
108	605	2.5	1	559 46
109	563	2.5	1	520 43
110	544	2.5	1	502 42
111	564	2.5	1	513 51
112	566	2.5	1	535 31
113	531	2.5	1	496 35
114	583	2.5	1	547 36
115	482	2.5	1	435 47
116	529	2.5	1	497 32
117	549	2.5	1	526 23
118	549	2.5	1	505 44
119	577	2.5	1	552 25
120	553	2.5	1	524 29
121	627	2.5	1	602 25
122	569	2.5	1	548 21
123	533	2.5	1	518 15
124	622	2.5	1	606 16
125	479	2.5	1	464 15
126	534	2.5	1	521 13
127	508	2.5	1	491 17
128	349	2.5	1	328 21
129	358	2.5	1	336 22
130	297	2.5	1	289 8
131	251	2.5	1	235 16
132	294	2.5	1	286 8
133	271	2.5	1	255 16
134	230	2.5	1	206 24
135	214	2.5	1	189 25
136	168	2.5	1	153 15
137	134	2.5	1	123 11
138	155	2.5	1	144 11
139	183	2.5	1	172 11
140	181	2.5	1	173 8
141	180	2.5	1	165 15
142	229	2.5	1	212 17
143	222	2.5	1	200 22
144	257	2.5	1	237 20
145	351	2.5	1	328 23
146	539	2.5	1	498 41
147	336	2.5	1	316 20
148	183	2.5	1	165 18
149	1074	2.5	1	1011 63
150	905	2.5	1	848 57
151	7350	2.5	1	6791 559

RUN STATISTICS FOR INPUT FILE: 00_raw_reads/WR069V1WR_R1.fastq.gz
=============================================
166282895 sequences processed in total

