
SUMMARISING RUN PARAMETERS
==========================
Input filename: 00_raw_reads/WR069V1ER_R2.fastq.gz
Trimming mode: paired-end
Trim Galore version: 0.6.6
Cutadapt version: 3.4
Python version: could not detect
Number of cores used for trimming: 8
Quality Phred score cutoff: 20
Quality encoding type selected: ASCII+33
Using Illumina adapter for trimming (count: 15312). Second best hit was smallRNA (count: 0)
Adapter sequence: 'AGATCGGAAGAGC' (Illumina TruSeq, Sanger iPCR; auto-detected)
Maximum trimming error rate: 0.1 (default)
Minimum required adapter overlap (stringency): 1 bp
Minimum required sequence length for both reads before a sequence pair gets removed: 20 bp
Output file will be GZIP compressed


This is cutadapt 3.4 with Python 3.9.6
Command line parameters: -j 8 -e 0.1 -q 20 -O 1 -a AGATCGGAAGAGC 00_raw_reads/WR069V1ER_R2.fastq.gz
Processing reads on 8 cores in single-end mode ...
Finished in 881.25 s (5 µs/read; 11.32 M reads/minute).

=== Summary ===

Total reads processed:             166,282,895
Reads with adapters:                79,651,265 (47.9%)
Reads written (passing filters):   166,282,895 (100.0%)

Total basepairs processed: 25,108,717,145 bp
Quality-trimmed:              97,062,025 bp (0.4%)
Total written (filtered):  24,806,640,149 bp (98.8%)

=== Adapter 1 ===

Sequence: AGATCGGAAGAGC; Type: regular 3'; Length: 13; Trimmed: 79651265 times

No. of allowed errors:
1-9 bp: 0; 10-13 bp: 1

Bases preceding removed adapters:
  A: 55.6%
  C: 16.1%
  G: 1.2%
  T: 27.1%
  none/other: 0.0%

Overview of removed sequences
length	count	expect	max.err	error counts
1	75228621	41570723.8	0	75228621
2	631523	10392680.9	0	631523
3	230392	2598170.2	0	230392
4	107762	649542.6	0	107762
5	92263	162385.6	0	92263
6	72129	40596.4	0	72129
7	75782	10149.1	0	75782
8	86281	2537.3	0	86281
9	44796	634.3	0	44192 604
10	82564	158.6	1	72930 9634
11	57043	39.6	1	50578 6465
12	69460	9.9	1	59455 10005
13	71809	2.5	1	61586 10223
14	75968	2.5	1	65015 10953
15	55616	2.5	1	48373 7243
16	65115	2.5	1	56481 8634
17	76949	2.5	1	66844 10105
18	44857	2.5	1	38861 5996
19	76321	2.5	1	66568 9753
20	70202	2.5	1	62230 7972
21	31723	2.5	1	27313 4410
22	57260	2.5	1	50158 7102
23	57750	2.5	1	50309 7441
24	64433	2.5	1	55778 8655
25	61395	2.5	1	54271 7124
26	50983	2.5	1	44791 6192
27	44836	2.5	1	39116 5720
28	62493	2.5	1	55103 7390
29	42966	2.5	1	37791 5175
30	48619	2.5	1	42688 5931
31	53141	2.5	1	46496 6645
32	45741	2.5	1	40588 5153
33	59942	2.5	1	52692 7250
34	42305	2.5	1	36910 5395
35	45431	2.5	1	40744 4687
36	42014	2.5	1	37491 4523
37	54190	2.5	1	48730 5460
38	34492	2.5	1	30558 3934
39	47585	2.5	1	42461 5124
40	38625	2.5	1	34497 4128
41	42119	2.5	1	37693 4426
42	45313	2.5	1	40501 4812
43	36811	2.5	1	32996 3815
44	38706	2.5	1	34667 4039
45	42487	2.5	1	37983 4504
46	39858	2.5	1	35814 4044
47	38267	2.5	1	34354 3913
48	34002	2.5	1	30566 3436
49	37538	2.5	1	33507 4031
50	34665	2.5	1	31295 3370
51	33001	2.5	1	29716 3285
52	34495	2.5	1	31175 3320
53	33663	2.5	1	30296 3367
54	38212	2.5	1	34339 3873
55	27029	2.5	1	24353 2676
56	33524	2.5	1	29986 3538
57	43623	2.5	1	39462 4161
58	21050	2.5	1	18738 2312
59	25817	2.5	1	23387 2430
60	31122	2.5	1	28015 3107
61	30875	2.5	1	28039 2836
62	24279	2.5	1	21949 2330
63	45072	2.5	1	40899 4173
64	25209	2.5	1	22802 2407
65	17953	2.5	1	16213 1740
66	18003	2.5	1	16241 1762
67	28313	2.5	1	25883 2430
68	22242	2.5	1	20225 2017
69	23507	2.5	1	21403 2104
70	26358	2.5	1	24114 2244
71	24025	2.5	1	22049 1976
72	22827	2.5	1	20777 2050
73	29853	2.5	1	27561 2292
74	14589	2.5	1	13319 1270
75	7633	2.5	1	6783 850
76	14677	2.5	1	13428 1249
77	16486	2.5	1	15030 1456
78	16102	2.5	1	14698 1404
79	15592	2.5	1	14252 1340
80	14640	2.5	1	13359 1281
81	14263	2.5	1	13042 1221
82	13616	2.5	1	12406 1210
83	13016	2.5	1	11898 1118
84	12123	2.5	1	11057 1066
85	11660	2.5	1	10596 1064
86	10943	2.5	1	9940 1003
87	10295	2.5	1	9366 929
88	9708	2.5	1	8839 869
89	9049	2.5	1	8193 856
90	8610	2.5	1	7874 736
91	7772	2.5	1	7080 692
92	7258	2.5	1	6595 663
93	6731	2.5	1	6113 618
94	6181	2.5	1	5631 550
95	5756	2.5	1	5239 517
96	5179	2.5	1	4640 539
97	4756	2.5	1	4259 497
98	4336	2.5	1	3924 412
99	4142	2.5	1	3716 426
100	3671	2.5	1	3242 429
101	3343	2.5	1	2944 399
102	2953	2.5	1	2628 325
103	2619	2.5	1	2282 337
104	2376	2.5	1	2101 275
105	2139	2.5	1	1867 272
106	1947	2.5	1	1673 274
107	1722	2.5	1	1498 224
108	1655	2.5	1	1400 255
109	1398	2.5	1	1189 209
110	1239	2.5	1	1024 215
111	1091	2.5	1	921 170
112	958	2.5	1	788 170
113	836	2.5	1	678 158
114	752	2.5	1	589 163
115	655	2.5	1	519 136
116	601	2.5	1	465 136
117	574	2.5	1	464 110
118	500	2.5	1	387 113
119	428	2.5	1	342 86
120	466	2.5	1	368 98
121	352	2.5	1	254 98
122	327	2.5	1	223 104
123	302	2.5	1	213 89
124	246	2.5	1	167 79
125	255	2.5	1	200 55
126	226	2.5	1	159 67
127	198	2.5	1	145 53
128	199	2.5	1	144 55
129	192	2.5	1	141 51
130	122	2.5	1	92 30
131	100	2.5	1	81 19
132	96	2.5	1	73 23
133	76	2.5	1	58 18
134	59	2.5	1	45 14
135	56	2.5	1	39 17
136	41	2.5	1	27 14
137	36	2.5	1	26 10
138	24	2.5	1	18 6
139	19	2.5	1	13 6
140	16	2.5	1	11 5
141	14	2.5	1	9 5
142	8	2.5	1	3 5
143	5	2.5	1	2 3
144	4	2.5	1	1 3
145	11	2.5	1	4 7
146	7	2.5	1	1 6
147	8	2.5	1	2 6
148	8	2.5	1	1 7
149	9	2.5	1	0 9
150	4	2.5	1	0 4
151	14	2.5	1	1 13

RUN STATISTICS FOR INPUT FILE: 00_raw_reads/WR069V1ER_R2.fastq.gz
=============================================
166282895 sequences processed in total

Total number of sequences analysed for the sequence pair length validation: 166282895

Number of sequence pairs removed because at least one read was shorter than the length cutoff (20 bp): 33527 (0.02%)
