
SUMMARISING RUN PARAMETERS
==========================
Input filename: 00_raw_reads/WR025V1ER_R2.fastq.gz
Trimming mode: paired-end
Trim Galore version: 0.6.6
Cutadapt version: 3.4
Python version: could not detect
Number of cores used for trimming: 8
Quality Phred score cutoff: 20
Quality encoding type selected: ASCII+33
Using Illumina adapter for trimming (count: 21710). Second best hit was smallRNA (count: 0)
Adapter sequence: 'AGATCGGAAGAGC' (Illumina TruSeq, Sanger iPCR; auto-detected)
Maximum trimming error rate: 0.1 (default)
Minimum required adapter overlap (stringency): 1 bp
Minimum required sequence length for both reads before a sequence pair gets removed: 20 bp
Output file will be GZIP compressed


This is cutadapt 3.4 with Python 3.9.6
Command line parameters: -j 8 -e 0.1 -q 20 -O 1 -a AGATCGGAAGAGC 00_raw_reads/WR025V1ER_R2.fastq.gz
Processing reads on 8 cores in single-end mode ...
Finished in 860.66 s (5 µs/read; 11.59 M reads/minute).

=== Summary ===

Total reads processed:             166,282,895
Reads with adapters:                84,096,145 (50.6%)
Reads written (passing filters):   166,282,895 (100.0%)

Total basepairs processed: 25,108,717,145 bp
Quality-trimmed:              59,705,980 bp (0.2%)
Total written (filtered):  24,795,651,569 bp (98.8%)

=== Adapter 1 ===

Sequence: AGATCGGAAGAGC; Type: regular 3'; Length: 13; Trimmed: 84096145 times

No. of allowed errors:
1-9 bp: 0; 10-13 bp: 1

Bases preceding removed adapters:
  A: 56.6%
  C: 15.6%
  G: 1.0%
  T: 26.8%
  none/other: 0.0%

Overview of removed sequences
length	count	expect	max.err	error counts
1	78588778	41570723.8	0	78588778
2	387355	10392680.9	0	387355
3	202736	2598170.2	0	202736
4	123831	649542.6	0	123831
5	119541	162385.6	0	119541
6	100249	40596.4	0	100249
7	102579	10149.1	0	102579
8	120938	2537.3	0	120938
9	71202	634.3	0	70586 616
10	112467	158.6	1	100110 12357
11	86585	39.6	1	77433 9152
12	101001	9.9	1	87294 13707
13	100695	2.5	1	87668 13027
14	102810	2.5	1	89140 13670
15	82240	2.5	1	72339 9901
16	97866	2.5	1	85923 11943
17	95776	2.5	1	83752 12024
18	76071	2.5	1	66923 9148
19	91736	2.5	1	80642 11094
20	108607	2.5	1	96882 11725
21	55855	2.5	1	49122 6733
22	82080	2.5	1	73020 9060
23	82193	2.5	1	72688 9505
24	93565	2.5	1	82248 11317
25	91156	2.5	1	81566 9590
26	73434	2.5	1	65339 8095
27	58395	2.5	1	51230 7165
28	86797	2.5	1	77512 9285
29	62035	2.5	1	55275 6760
30	71008	2.5	1	63425 7583
31	72854	2.5	1	64794 8060
32	71472	2.5	1	64677 6795
33	63698	2.5	1	57064 6634
34	72021	2.5	1	63843 8178
35	73088	2.5	1	65771 7317
36	67163	2.5	1	60605 6558
37	66524	2.5	1	60510 6014
38	58248	2.5	1	52442 5806
39	52817	2.5	1	47806 5011
40	67457	2.5	1	61725 5732
41	50878	2.5	1	46059 4819
42	59707	2.5	1	54254 5453
43	56820	2.5	1	51543 5277
44	53345	2.5	1	48603 4742
45	57559	2.5	1	52248 5311
46	58224	2.5	1	52956 5268
47	50429	2.5	1	46078 4351
48	48955	2.5	1	44465 4490
49	52591	2.5	1	47613 4978
50	47900	2.5	1	44082 3818
51	46218	2.5	1	42310 3908
52	47746	2.5	1	43780 3966
53	46948	2.5	1	42874 4074
54	50161	2.5	1	45986 4175
55	39244	2.5	1	35931 3313
56	45989	2.5	1	42004 3985
57	54173	2.5	1	49770 4403
58	31186	2.5	1	28414 2772
59	37498	2.5	1	34572 2926
60	41486	2.5	1	37991 3495
61	41290	2.5	1	38003 3287
62	33756	2.5	1	31019 2737
63	57800	2.5	1	53377 4423
64	34485	2.5	1	31742 2743
65	25757	2.5	1	23629 2128
66	25221	2.5	1	23194 2027
67	36468	2.5	1	33915 2553
68	30579	2.5	1	28181 2398
69	30622	2.5	1	28273 2349
70	33797	2.5	1	31496 2301
71	31500	2.5	1	29296 2204
72	31125	2.5	1	28826 2299
73	40148	2.5	1	37473 2675
74	19862	2.5	1	18396 1466
75	9934	2.5	1	9023 911
76	18873	2.5	1	17506 1367
77	21351	2.5	1	19802 1549
78	21137	2.5	1	19731 1406
79	20187	2.5	1	18815 1372
80	19006	2.5	1	17613 1393
81	18047	2.5	1	16826 1221
82	17268	2.5	1	16004 1264
83	16385	2.5	1	15262 1123
84	15337	2.5	1	14263 1074
85	14626	2.5	1	13548 1078
86	13713	2.5	1	12775 938
87	12776	2.5	1	11886 890
88	12022	2.5	1	11154 868
89	11185	2.5	1	10429 756
90	10622	2.5	1	9882 740
91	9840	2.5	1	9140 700
92	8991	2.5	1	8340 651
93	8345	2.5	1	7769 576
94	7535	2.5	1	7044 491
95	6869	2.5	1	6386 483
96	6198	2.5	1	5746 452
97	5730	2.5	1	5307 423
98	5081	2.5	1	4700 381
99	4768	2.5	1	4411 357
100	4282	2.5	1	3960 322
101	3819	2.5	1	3542 277
102	3310	2.5	1	3063 247
103	3088	2.5	1	2828 260
104	2609	2.5	1	2389 220
105	2373	2.5	1	2152 221
106	2088	2.5	1	1901 187
107	1853	2.5	1	1664 189
108	1563	2.5	1	1422 141
109	1421	2.5	1	1277 144
110	1212	2.5	1	1081 131
111	1092	2.5	1	948 144
112	941	2.5	1	837 104
113	764	2.5	1	677 87
114	698	2.5	1	604 94
115	616	2.5	1	531 85
116	526	2.5	1	444 82
117	448	2.5	1	371 77
118	382	2.5	1	316 66
119	334	2.5	1	270 64
120	471	2.5	1	406 65
121	271	2.5	1	219 52
122	227	2.5	1	180 47
123	212	2.5	1	166 46
124	160	2.5	1	115 45
125	158	2.5	1	119 39
126	152	2.5	1	114 38
127	112	2.5	1	76 36
128	125	2.5	1	97 28
129	89	2.5	1	61 28
130	85	2.5	1	59 26
131	89	2.5	1	71 18
132	50	2.5	1	42 8
133	41	2.5	1	35 6
134	30	2.5	1	25 5
135	36	2.5	1	27 9
136	21	2.5	1	14 7
137	22	2.5	1	17 5
138	20	2.5	1	17 3
139	19	2.5	1	11 8
140	14	2.5	1	6 8
141	10	2.5	1	3 7
142	6	2.5	1	1 5
143	10	2.5	1	2 8
144	11	2.5	1	2 9
145	8	2.5	1	1 7
146	11	2.5	1	2 9
147	14	2.5	1	2 12
148	3	2.5	1	0 3
149	9	2.5	1	2 7
150	9	2.5	1	1 8
151	15	2.5	1	0 15

RUN STATISTICS FOR INPUT FILE: 00_raw_reads/WR025V1ER_R2.fastq.gz
=============================================
166282895 sequences processed in total

Total number of sequences analysed for the sequence pair length validation: 166282895

Number of sequence pairs removed because at least one read was shorter than the length cutoff (20 bp): 15882 (0.01%)
