
SUMMARISING RUN PARAMETERS
==========================
Input filename: 00_raw_reads/WR025V9ER_R1.fastq.gz
Trimming mode: paired-end
Trim Galore version: 0.6.6
Cutadapt version: 3.4
Python version: could not detect
Number of cores used for trimming: 8
Quality Phred score cutoff: 20
Quality encoding type selected: ASCII+33
Using Illumina adapter for trimming (count: 27105). Second best hit was smallRNA (count: 0)
Adapter sequence: 'AGATCGGAAGAGC' (Illumina TruSeq, Sanger iPCR; auto-detected)
Maximum trimming error rate: 0.1 (default)
Minimum required adapter overlap (stringency): 1 bp
Minimum required sequence length for both reads before a sequence pair gets removed: 20 bp
Output file will be GZIP compressed


This is cutadapt 3.4 with Python 3.9.6
Command line parameters: -j 8 -e 0.1 -q 20 -O 1 -a AGATCGGAAGAGC 00_raw_reads/WR025V9ER_R1.fastq.gz
Processing reads on 8 cores in single-end mode ...
Finished in 819.55 s (5 µs/read; 12.17 M reads/minute).

=== Summary ===

Total reads processed:             166,282,895
Reads with adapters:                66,654,771 (40.1%)
Reads written (passing filters):   166,282,895 (100.0%)

Total basepairs processed: 25,108,717,145 bp
Quality-trimmed:              29,995,003 bp (0.1%)
Total written (filtered):  24,788,633,826 bp (98.7%)

=== Adapter 1 ===

Sequence: AGATCGGAAGAGC; Type: regular 3'; Length: 13; Trimmed: 66654771 times

No. of allowed errors:
1-9 bp: 0; 10-13 bp: 1

Bases preceding removed adapters:
  A: 34.1%
  C: 0.2%
  G: 16.7%
  T: 49.0%
  none/other: 0.0%

Overview of removed sequences
length	count	expect	max.err	error counts
1	45060098	41570723.8	0	45060098
2	10487705	10392680.9	0	10487705
3	3737829	2598170.2	0	3737829
4	1400524	649542.6	0	1400524
5	159109	162385.6	0	159109
6	146224	40596.4	0	146224
7	121330	10149.1	0	121330
8	132992	2537.3	0	132992
9	128286	634.3	0	124892 3394
10	124721	158.6	1	110009 14712
11	141006	39.6	1	121229 19777
12	139596	9.9	1	124144 15452
13	108125	2.5	1	96673 11452
14	127542	2.5	1	110238 17304
15	119670	2.5	1	106958 12712
16	118614	2.5	1	102156 16458
17	130737	2.5	1	111982 18755
18	150028	2.5	1	136164 13864
19	61974	2.5	1	54591 7383
20	107833	2.5	1	95725 12108
21	112656	2.5	1	99933 12723
22	93570	2.5	1	84175 9395
23	111757	2.5	1	98942 12815
24	104214	2.5	1	88006 16208
25	108847	2.5	1	97086 11761
26	80385	2.5	1	72156 8229
27	101318	2.5	1	89321 11997
28	90969	2.5	1	81724 9245
29	97822	2.5	1	84215 13607
30	115139	2.5	1	104746 10393
31	53870	2.5	1	48016 5854
32	87591	2.5	1	79279 8312
33	81103	2.5	1	71553 9550
34	89857	2.5	1	78865 10992
35	84171	2.5	1	74521 9650
36	80752	2.5	1	72809 7943
37	73945	2.5	1	66378 7567
38	68313	2.5	1	62350 5963
39	77837	2.5	1	68676 9161
40	79326	2.5	1	70398 8928
41	66493	2.5	1	61006 5487
42	81909	2.5	1	73442 8467
43	86017	2.5	1	73547 12470
44	53566	2.5	1	47059 6507
45	104721	2.5	1	95577 9144
46	29206	2.5	1	25128 4078
47	73464	2.5	1	63516 9948
48	198115	2.5	1	182732 15383
49	46444	2.5	1	41217 5227
50	79978	2.5	1	71995 7983
51	77953	2.5	1	71478 6475
52	38664	2.5	1	35674 2990
53	45301	2.5	1	39710 5591
54	154398	2.5	1	144355 10043
55	31918	2.5	1	29265 2653
56	9793	2.5	1	7885 1908
57	65920	2.5	1	61572 4348
58	6968	2.5	1	5858 1110
59	22895	2.5	1	20682 2213
60	37558	2.5	1	34752 2806
61	5560	2.5	1	4292 1268
62	41105	2.5	1	38129 2976
63	64380	2.5	1	60885 3495
64	5074	2.5	1	4319 755
65	15623	2.5	1	13880 1743
66	37985	2.5	1	35978 2007
67	24231	2.5	1	22181 2050
68	37605	2.5	1	34634 2971
69	40803	2.5	1	37061 3742
70	77392	2.5	1	72483 4909
71	19662	2.5	1	17696 1966
72	8881	2.5	1	7918 963
73	9844	2.5	1	8965 879
74	18667	2.5	1	17351 1316
75	25075	2.5	1	23408 1667
76	26826	2.5	1	25072 1754
77	26438	2.5	1	24525 1913
78	25340	2.5	1	23427 1913
79	24882	2.5	1	23163 1719
80	23424	2.5	1	21753 1671
81	22235	2.5	1	20699 1536
82	21425	2.5	1	19992 1433
83	19878	2.5	1	18506 1372
84	18709	2.5	1	17380 1329
85	17798	2.5	1	16625 1173
86	16645	2.5	1	15559 1086
87	15382	2.5	1	14342 1040
88	14441	2.5	1	13470 971
89	13386	2.5	1	12558 828
90	12695	2.5	1	11913 782
91	11543	2.5	1	10798 745
92	10777	2.5	1	10085 692
93	9844	2.5	1	9247 597
94	8966	2.5	1	8433 533
95	8188	2.5	1	7646 542
96	7572	2.5	1	7093 479
97	6863	2.5	1	6455 408
98	6137	2.5	1	5750 387
99	5617	2.5	1	5266 351
100	4818	2.5	1	4504 314
101	4395	2.5	1	4132 263
102	3891	2.5	1	3642 249
103	3479	2.5	1	3249 230
104	3092	2.5	1	2896 196
105	2713	2.5	1	2534 179
106	2320	2.5	1	2127 193
107	2010	2.5	1	1881 129
108	1776	2.5	1	1640 136
109	1503	2.5	1	1373 130
110	1270	2.5	1	1149 121
111	1095	2.5	1	993 102
112	962	2.5	1	866 96
113	753	2.5	1	680 73
114	681	2.5	1	597 84
115	600	2.5	1	530 70
116	459	2.5	1	388 71
117	436	2.5	1	377 59
118	337	2.5	1	288 49
119	280	2.5	1	230 50
120	369	2.5	1	319 50
121	195	2.5	1	161 34
122	179	2.5	1	140 39
123	122	2.5	1	91 31
124	131	2.5	1	93 38
125	115	2.5	1	69 46
126	104	2.5	1	71 33
127	71	2.5	1	49 22
128	75	2.5	1	48 27
129	56	2.5	1	30 26
130	58	2.5	1	34 24
131	52	2.5	1	35 17
132	41	2.5	1	23 18
133	45	2.5	1	27 18
134	32	2.5	1	17 15
135	30	2.5	1	12 18
136	29	2.5	1	13 16
137	16	2.5	1	6 10
138	20	2.5	1	8 12
139	19	2.5	1	8 11
140	14	2.5	1	2 12
141	14	2.5	1	6 8
142	12	2.5	1	2 10
143	24	2.5	1	4 20
144	25	2.5	1	5 20
145	27	2.5	1	5 22
146	10	2.5	1	1 9
147	21	2.5	1	6 15
148	13	2.5	1	2 11
149	28	2.5	1	2 26
150	25	2.5	1	0 25
151	365	2.5	1	2 363

RUN STATISTICS FOR INPUT FILE: 00_raw_reads/WR025V9ER_R1.fastq.gz
=============================================
166282895 sequences processed in total

