
SUMMARISING RUN PARAMETERS
==========================
Input filename: 00_raw_reads/WR025V1WR_R1.fastq.gz
Trimming mode: paired-end
Trim Galore version: 0.6.6
Cutadapt version: 3.4
Python version: could not detect
Number of cores used for trimming: 8
Quality Phred score cutoff: 20
Quality encoding type selected: ASCII+33
Using Illumina adapter for trimming (count: 23509). Second best hit was Nextera (count: 0)
Adapter sequence: 'AGATCGGAAGAGC' (Illumina TruSeq, Sanger iPCR; auto-detected)
Maximum trimming error rate: 0.1 (default)
Minimum required adapter overlap (stringency): 1 bp
Minimum required sequence length for both reads before a sequence pair gets removed: 20 bp
All Read 1 sequences will be trimmed by 10 bp from their 5' end to avoid poor qualities or biases
All Read 2 sequences will be trimmed by 15 bp from their 5' end to avoid poor qualities or biases (e.g. M-bias for BS-Seq applications)
All Read 1 sequences will be trimmed by 10 bp from their 3' end to avoid poor qualities or biases
All Read 2 sequences will be trimmed by 10 bp from their 3' end to avoid poor qualities or biases
Output file will be GZIP compressed


This is cutadapt 3.4 with Python 3.9.6
Command line parameters: -j 8 -e 0.1 -q 20 -O 1 -a AGATCGGAAGAGC 00_raw_reads/WR025V1WR_R1.fastq.gz
Processing reads on 8 cores in single-end mode ...
Finished in 835.95 s (5 µs/read; 11.93 M reads/minute).

=== Summary ===

Total reads processed:             166,282,895
Reads with adapters:                66,733,331 (40.1%)
Reads written (passing filters):   166,282,895 (100.0%)

Total basepairs processed: 25,108,717,145 bp
Quality-trimmed:              24,134,116 bp (0.1%)
Total written (filtered):  24,874,681,232 bp (99.1%)

=== Adapter 1 ===

Sequence: AGATCGGAAGAGC; Type: regular 3'; Length: 13; Trimmed: 66733331 times

No. of allowed errors:
1-9 bp: 0; 10-13 bp: 1

Bases preceding removed adapters:
  A: 30.4%
  C: 12.2%
  G: 14.1%
  T: 43.3%
  none/other: 0.0%

Overview of removed sequences
length	count	expect	max.err	error counts
1	44147175	41570723.8	0	44147175
2	10070491	10392680.9	0	10070491
3	3958863	2598170.2	0	3958863
4	1606081	649542.6	0	1606081
5	442410	162385.6	0	442410
6	422754	40596.4	0	422754
7	329593	10149.1	0	329593
8	384544	2537.3	0	384544
9	334224	634.3	0	331861 2363
10	305840	158.6	1	293236 12604
11	349576	39.6	1	324002 25574
12	310497	9.9	1	296288 14209
13	254975	2.5	1	242876 12099
14	269111	2.5	1	250697 18414
15	254771	2.5	1	242464 12307
16	229781	2.5	1	213539 16242
17	253150	2.5	1	233179 19971
18	281177	2.5	1	270451 10726
19	95696	2.5	1	90649 5047
20	183034	2.5	1	173811 9223
21	184703	2.5	1	175359 9344
22	139820	2.5	1	134330 5490
23	170248	2.5	1	160874 9374
24	132609	2.5	1	121264 11345
25	149422	2.5	1	142172 7250
26	88905	2.5	1	84936 3969
27	115646	2.5	1	108989 6657
28	102470	2.5	1	97103 5367
29	100295	2.5	1	92650 7645
30	120466	2.5	1	115345 5121
31	41906	2.5	1	39786 2120
32	77878	2.5	1	74227 3651
33	66215	2.5	1	62204 4011
34	61986	2.5	1	59126 2860
35	67390	2.5	1	62105 5285
36	50286	2.5	1	47706 2580
37	54159	2.5	1	51942 2217
38	34203	2.5	1	32643 1560
39	40114	2.5	1	38399 1715
40	39488	2.5	1	36925 2563
41	30991	2.5	1	29899 1092
42	34128	2.5	1	32308 1820
43	35356	2.5	1	32237 3119
44	21025	2.5	1	19817 1208
45	37772	2.5	1	36012 1760
46	7265	2.5	1	6690 575
47	20681	2.5	1	19357 1324
48	73712	2.5	1	71037 2675
49	27025	2.5	1	26096 929
50	4234	2.5	1	3944 290
51	7257	2.5	1	6911 346
52	5937	2.5	1	5675 262
53	4403	2.5	1	4165 238
54	15192	2.5	1	14708 484
55	3370	2.5	1	3097 273
56	1619	2.5	1	1503 116
57	6062	2.5	1	5724 338
58	1439	2.5	1	1338 101
59	826	2.5	1	754 72
60	2810	2.5	1	2656 154
61	753	2.5	1	688 65
62	2767	2.5	1	2668 99
63	3016	2.5	1	2872 144
64	950	2.5	1	880 70
65	631	2.5	1	587 44
66	2235	2.5	1	2150 85
67	820	2.5	1	761 59
68	1901	2.5	1	1808 93
69	2199	2.5	1	2100 99
70	3280	2.5	1	3119 161
71	1676	2.5	1	1581 95
72	715	2.5	1	656 59
73	562	2.5	1	527 35
74	722	2.5	1	676 46
75	1032	2.5	1	978 54
76	1286	2.5	1	1213 73
77	1267	2.5	1	1194 73
78	1312	2.5	1	1221 91
79	1201	2.5	1	1129 72
80	1108	2.5	1	1029 79
81	1050	2.5	1	991 59
82	974	2.5	1	913 61
83	995	2.5	1	909 86
84	903	2.5	1	839 64
85	911	2.5	1	840 71
86	789	2.5	1	731 58
87	737	2.5	1	676 61
88	690	2.5	1	627 63
89	673	2.5	1	623 50
90	617	2.5	1	561 56
91	573	2.5	1	528 45
92	557	2.5	1	501 56
93	563	2.5	1	509 54
94	556	2.5	1	507 49
95	515	2.5	1	469 46
96	516	2.5	1	472 44
97	521	2.5	1	483 38
98	462	2.5	1	414 48
99	441	2.5	1	402 39
100	449	2.5	1	413 36
101	413	2.5	1	371 42
102	383	2.5	1	349 34
103	388	2.5	1	346 42
104	360	2.5	1	330 30
105	383	2.5	1	338 45
106	375	2.5	1	348 27
107	335	2.5	1	301 34
108	338	2.5	1	309 29
109	351	2.5	1	321 30
110	306	2.5	1	286 20
111	346	2.5	1	309 37
112	370	2.5	1	339 31
113	356	2.5	1	325 31
114	407	2.5	1	371 36
115	370	2.5	1	330 40
116	350	2.5	1	318 32
117	371	2.5	1	342 29
118	409	2.5	1	383 26
119	471	2.5	1	449 22
120	456	2.5	1	436 20
121	498	2.5	1	483 15
122	472	2.5	1	455 17
123	457	2.5	1	437 20
124	537	2.5	1	512 25
125	397	2.5	1	383 14
126	483	2.5	1	472 11
127	425	2.5	1	408 17
128	289	2.5	1	272 17
129	338	2.5	1	323 15
130	264	2.5	1	248 16
131	203	2.5	1	189 14
132	270	2.5	1	250 20
133	245	2.5	1	231 14
134	200	2.5	1	184 16
135	158	2.5	1	130 28
136	129	2.5	1	120 9
137	119	2.5	1	111 8
138	159	2.5	1	144 15
139	166	2.5	1	161 5
140	125	2.5	1	112 13
141	157	2.5	1	145 12
142	203	2.5	1	188 15
143	146	2.5	1	132 14
144	230	2.5	1	204 26
145	275	2.5	1	250 25
146	408	2.5	1	377 31
147	284	2.5	1	253 31
148	193	2.5	1	179 14
149	1210	2.5	1	1127 83
150	971	2.5	1	896 75
151	9801	2.5	1	9121 680

RUN STATISTICS FOR INPUT FILE: 00_raw_reads/WR025V1WR_R1.fastq.gz
=============================================
166282895 sequences processed in total

