
SUMMARISING RUN PARAMETERS
==========================
Input filename: 00_raw_reads/WR025V9WR_R1.fastq.gz
Trimming mode: paired-end
Trim Galore version: 0.6.6
Cutadapt version: 3.4
Python version: could not detect
Number of cores used for trimming: 8
Quality Phred score cutoff: 20
Quality encoding type selected: ASCII+33
Using Illumina adapter for trimming (count: 26578). Second best hit was Nextera (count: 0)
Adapter sequence: 'AGATCGGAAGAGC' (Illumina TruSeq, Sanger iPCR; auto-detected)
Maximum trimming error rate: 0.1 (default)
Minimum required adapter overlap (stringency): 1 bp
Minimum required sequence length for both reads before a sequence pair gets removed: 20 bp
All Read 1 sequences will be trimmed by 10 bp from their 5' end to avoid poor qualities or biases
All Read 2 sequences will be trimmed by 15 bp from their 5' end to avoid poor qualities or biases (e.g. M-bias for BS-Seq applications)
All Read 1 sequences will be trimmed by 10 bp from their 3' end to avoid poor qualities or biases
All Read 2 sequences will be trimmed by 10 bp from their 3' end to avoid poor qualities or biases
Output file will be GZIP compressed


This is cutadapt 3.4 with Python 3.9.6
Command line parameters: -j 8 -e 0.1 -q 20 -O 1 -a AGATCGGAAGAGC 00_raw_reads/WR025V9WR_R1.fastq.gz
Processing reads on 8 cores in single-end mode ...
Finished in 939.60 s (6 µs/read; 10.62 M reads/minute).

=== Summary ===

Total reads processed:             166,282,895
Reads with adapters:                67,282,499 (40.5%)
Reads written (passing filters):   166,282,895 (100.0%)

Total basepairs processed: 25,108,717,145 bp
Quality-trimmed:              23,571,903 bp (0.1%)
Total written (filtered):  24,858,378,754 bp (99.0%)

=== Adapter 1 ===

Sequence: AGATCGGAAGAGC; Type: regular 3'; Length: 13; Trimmed: 67282499 times

No. of allowed errors:
1-9 bp: 0; 10-13 bp: 1

Bases preceding removed adapters:
  A: 29.8%
  C: 13.8%
  G: 13.8%
  T: 42.6%
  none/other: 0.0%

Overview of removed sequences
length	count	expect	max.err	error counts
1	43746471	41570723.8	0	43746471
2	9979836	10392680.9	0	9979836
3	3985254	2598170.2	0	3985254
4	1636316	649542.6	0	1636316
5	499734	162385.6	0	499734
6	479015	40596.4	0	479015
7	377461	10149.1	0	377461
8	435882	2537.3	0	435882
9	387498	634.3	0	385164 2334
10	351113	158.6	1	337392 13721
11	400927	39.6	1	371779 29148
12	359558	9.9	1	343621 15937
13	286620	2.5	1	273605 13015
14	313044	2.5	1	291383 21661
15	288396	2.5	1	274889 13507
16	266099	2.5	1	247488 18611
17	289396	2.5	1	267374 22022
18	333301	2.5	1	320640 12661
19	102885	2.5	1	97425 5460
20	214343	2.5	1	203172 11171
21	209647	2.5	1	199376 10271
22	162547	2.5	1	156107 6440
23	187572	2.5	1	177254 10318
24	166166	2.5	1	152172 13994
25	160255	2.5	1	152554 7701
26	112306	2.5	1	107090 5216
27	133934	2.5	1	126325 7609
28	116724	2.5	1	111135 5589
29	115183	2.5	1	106507 8676
30	135380	2.5	1	129854 5526
31	51439	2.5	1	48842 2597
32	86691	2.5	1	82795 3896
33	78572	2.5	1	73609 4963
34	80347	2.5	1	74952 5395
35	89985	2.5	1	86814 3171
36	26360	2.5	1	25000 1360
37	55739	2.5	1	52626 3113
38	57554	2.5	1	54227 3327
39	38858	2.5	1	37334 1524
40	43313	2.5	1	41121 2192
41	36877	2.5	1	34884 1993
42	39436	2.5	1	37334 2102
43	44479	2.5	1	41910 2569
44	14046	2.5	1	13250 796
45	42651	2.5	1	40818 1833
46	6023	2.5	1	5666 357
47	21317	2.5	1	20271 1046
48	23016	2.5	1	21968 1048
49	12698	2.5	1	12246 452
50	16572	2.5	1	15609 963
51	14927	2.5	1	14194 733
52	11948	2.5	1	11439 509
53	11842	2.5	1	11243 599
54	11565	2.5	1	10799 766
55	13194	2.5	1	12626 568
56	4459	2.5	1	4257 202
57	8628	2.5	1	8213 415
58	9484	2.5	1	9155 329
59	3030	2.5	1	2845 185
60	6745	2.5	1	6480 265
61	4029	2.5	1	3853 176
62	4778	2.5	1	4526 252
63	5131	2.5	1	4890 241
64	4322	2.5	1	4164 158
65	2461	2.5	1	2334 127
66	3197	2.5	1	3065 132
67	3159	2.5	1	3009 150
68	3387	2.5	1	3223 164
69	2823	2.5	1	2677 146
70	4742	2.5	1	4498 244
71	728	2.5	1	662 66
72	612	2.5	1	563 49
73	1010	2.5	1	965 45
74	1293	2.5	1	1227 66
75	1382	2.5	1	1312 70
76	1415	2.5	1	1340 75
77	1314	2.5	1	1229 85
78	1164	2.5	1	1090 74
79	1078	2.5	1	1008 70
80	1048	2.5	1	979 69
81	962	2.5	1	910 52
82	940	2.5	1	863 77
83	841	2.5	1	793 48
84	793	2.5	1	733 60
85	709	2.5	1	665 44
86	670	2.5	1	625 45
87	709	2.5	1	660 49
88	616	2.5	1	578 38
89	585	2.5	1	552 33
90	559	2.5	1	520 39
91	557	2.5	1	517 40
92	502	2.5	1	471 31
93	495	2.5	1	454 41
94	416	2.5	1	371 45
95	452	2.5	1	418 34
96	455	2.5	1	419 36
97	424	2.5	1	383 41
98	411	2.5	1	375 36
99	386	2.5	1	359 27
100	356	2.5	1	330 26
101	329	2.5	1	307 22
102	372	2.5	1	343 29
103	348	2.5	1	309 39
104	307	2.5	1	282 25
105	317	2.5	1	287 30
106	304	2.5	1	270 34
107	321	2.5	1	292 29
108	273	2.5	1	246 27
109	322	2.5	1	289 33
110	266	2.5	1	242 24
111	302	2.5	1	277 25
112	360	2.5	1	328 32
113	350	2.5	1	326 24
114	400	2.5	1	373 27
115	380	2.5	1	347 33
116	383	2.5	1	357 26
117	334	2.5	1	309 25
118	379	2.5	1	359 20
119	381	2.5	1	359 22
120	458	2.5	1	442 16
121	602	2.5	1	576 26
122	465	2.5	1	445 20
123	445	2.5	1	430 15
124	507	2.5	1	496 11
125	380	2.5	1	367 13
126	473	2.5	1	460 13
127	350	2.5	1	333 17
128	312	2.5	1	301 11
129	324	2.5	1	312 12
130	241	2.5	1	223 18
131	191	2.5	1	178 13
132	258	2.5	1	238 20
133	275	2.5	1	251 24
134	204	2.5	1	185 19
135	155	2.5	1	132 23
136	125	2.5	1	111 14
137	116	2.5	1	104 12
138	113	2.5	1	103 10
139	165	2.5	1	149 16
140	168	2.5	1	155 13
141	145	2.5	1	130 15
142	184	2.5	1	179 5
143	167	2.5	1	154 13
144	233	2.5	1	215 18
145	285	2.5	1	259 26
146	417	2.5	1	388 29
147	286	2.5	1	256 30
148	214	2.5	1	199 15
149	1140	2.5	1	1067 73
150	1148	2.5	1	1079 69
151	9956	2.5	1	9339 617

RUN STATISTICS FOR INPUT FILE: 00_raw_reads/WR025V9WR_R1.fastq.gz
=============================================
166282895 sequences processed in total

