
SUMMARISING RUN PARAMETERS
==========================
Input filename: 00_raw_reads/WR025V1ER_R1.fastq.gz
Trimming mode: paired-end
Trim Galore version: 0.6.6
Cutadapt version: 3.4
Python version: could not detect
Number of cores used for trimming: 8
Quality Phred score cutoff: 20
Quality encoding type selected: ASCII+33
Using Illumina adapter for trimming (count: 21710). Second best hit was smallRNA (count: 0)
Adapter sequence: 'AGATCGGAAGAGC' (Illumina TruSeq, Sanger iPCR; auto-detected)
Maximum trimming error rate: 0.1 (default)
Minimum required adapter overlap (stringency): 1 bp
Minimum required sequence length for both reads before a sequence pair gets removed: 20 bp
Output file will be GZIP compressed


This is cutadapt 3.4 with Python 3.9.6
Command line parameters: -j 8 -e 0.1 -q 20 -O 1 -a AGATCGGAAGAGC 00_raw_reads/WR025V1ER_R1.fastq.gz
Processing reads on 8 cores in single-end mode ...
Finished in 902.17 s (5 µs/read; 11.06 M reads/minute).

=== Summary ===

Total reads processed:             166,282,895
Reads with adapters:                65,547,500 (39.4%)
Reads written (passing filters):   166,282,895 (100.0%)

Total basepairs processed: 25,108,717,145 bp
Quality-trimmed:              32,195,258 bp (0.1%)
Total written (filtered):  24,827,529,982 bp (98.9%)

=== Adapter 1 ===

Sequence: AGATCGGAAGAGC; Type: regular 3'; Length: 13; Trimmed: 65547500 times

No. of allowed errors:
1-9 bp: 0; 10-13 bp: 1

Bases preceding removed adapters:
  A: 34.1%
  C: 0.2%
  G: 16.8%
  T: 49.0%
  none/other: 0.0%

Overview of removed sequences
length	count	expect	max.err	error counts
1	45110387	41570723.8	0	45110387
2	10654624	10392680.9	0	10654624
3	3731385	2598170.2	0	3731385
4	1354524	649542.6	0	1354524
5	121439	162385.6	0	121439
6	114111	40596.4	0	114111
7	91962	10149.1	0	91962
8	99952	2537.3	0	99952
9	98581	634.3	0	95630 2951
10	94526	158.6	1	83054 11472
11	107499	39.6	1	92677 14822
12	106084	9.9	1	95062 11022
13	81331	2.5	1	73339 7992
14	96220	2.5	1	83750 12470
15	91665	2.5	1	82574 9091
16	89253	2.5	1	77553 11700
17	99057	2.5	1	85490 13567
18	115760	2.5	1	105655 10105
19	45542	2.5	1	40329 5213
20	83884	2.5	1	74907 8977
21	85921	2.5	1	76957 8964
22	72411	2.5	1	65654 6757
23	84211	2.5	1	75288 8923
24	83074	2.5	1	71201 11873
25	81504	2.5	1	73312 8192
26	63895	2.5	1	57725 6170
27	78974	2.5	1	70072 8902
28	70375	2.5	1	63539 6836
29	75959	2.5	1	65927 10032
30	92143	2.5	1	84329 7814
31	41271	2.5	1	37077 4194
32	71395	2.5	1	64824 6571
33	62825	2.5	1	55512 7313
34	71578	2.5	1	62985 8593
35	65131	2.5	1	59443 5688
36	63852	2.5	1	57882 5970
37	58459	2.5	1	52618 5841
38	58335	2.5	1	53165 5170
39	58139	2.5	1	52072 6067
40	64847	2.5	1	57652 7195
41	52751	2.5	1	48579 4172
42	62175	2.5	1	55811 6364
43	72619	2.5	1	63040 9579
44	41604	2.5	1	36712 4892
45	90965	2.5	1	83085 7880
46	17286	2.5	1	14649 2637
47	58679	2.5	1	51142 7537
48	177356	2.5	1	164054 13302
49	37702	2.5	1	33698 4004
50	60524	2.5	1	54625 5899
51	60927	2.5	1	55973 4954
52	31628	2.5	1	29359 2269
53	36258	2.5	1	32093 4165
54	130045	2.5	1	122125 7920
55	24511	2.5	1	22401 2110
56	7263	2.5	1	5908 1355
57	53869	2.5	1	50447 3422
58	5148	2.5	1	4346 802
59	13472	2.5	1	12126 1346
60	29775	2.5	1	27619 2156
61	4123	2.5	1	3231 892
62	33803	2.5	1	31509 2294
63	53145	2.5	1	50329 2816
64	4261	2.5	1	3626 635
65	11525	2.5	1	10286 1239
66	30861	2.5	1	29246 1615
67	19014	2.5	1	17500 1514
68	30279	2.5	1	27978 2301
69	32832	2.5	1	30054 2778
70	63123	2.5	1	59252 3871
71	17861	2.5	1	16242 1619
72	7695	2.5	1	6917 778
73	7755	2.5	1	7052 703
74	14460	2.5	1	13523 937
75	19576	2.5	1	18410 1166
76	21588	2.5	1	20137 1451
77	21394	2.5	1	19910 1484
78	21143	2.5	1	19665 1478
79	20137	2.5	1	18824 1313
80	19064	2.5	1	17799 1265
81	18080	2.5	1	16879 1201
82	17249	2.5	1	16097 1152
83	16331	2.5	1	15296 1035
84	15192	2.5	1	14225 967
85	14261	2.5	1	13307 954
86	13496	2.5	1	12646 850
87	12611	2.5	1	11806 805
88	11800	2.5	1	11056 744
89	11089	2.5	1	10435 654
90	10417	2.5	1	9839 578
91	9724	2.5	1	9080 644
92	8838	2.5	1	8270 568
93	8172	2.5	1	7668 504
94	7395	2.5	1	6960 435
95	6773	2.5	1	6344 429
96	6072	2.5	1	5657 415
97	5607	2.5	1	5231 376
98	4953	2.5	1	4614 339
99	4605	2.5	1	4310 295
100	4116	2.5	1	3848 268
101	3727	2.5	1	3460 267
102	3260	2.5	1	3034 226
103	3002	2.5	1	2777 225
104	2523	2.5	1	2334 189
105	2284	2.5	1	2113 171
106	2005	2.5	1	1839 166
107	1745	2.5	1	1608 137
108	1498	2.5	1	1373 125
109	1351	2.5	1	1225 126
110	1134	2.5	1	1034 100
111	1035	2.5	1	921 114
112	859	2.5	1	755 104
113	700	2.5	1	613 87
114	609	2.5	1	538 71
115	539	2.5	1	475 64
116	474	2.5	1	406 68
117	386	2.5	1	324 62
118	329	2.5	1	275 54
119	263	2.5	1	214 49
120	439	2.5	1	376 63
121	225	2.5	1	179 46
122	189	2.5	1	135 54
123	166	2.5	1	119 47
124	121	2.5	1	81 40
125	143	2.5	1	97 46
126	118	2.5	1	76 42
127	80	2.5	1	52 28
128	108	2.5	1	71 37
129	72	2.5	1	43 29
130	70	2.5	1	44 26
131	70	2.5	1	43 27
132	61	2.5	1	42 19
133	44	2.5	1	29 15
134	34	2.5	1	18 16
135	47	2.5	1	29 18
136	36	2.5	1	12 24
137	35	2.5	1	16 19
138	28	2.5	1	14 14
139	25	2.5	1	9 16
140	21	2.5	1	6 15
141	13	2.5	1	2 11
142	21	2.5	1	1 20
143	14	2.5	1	1 13
144	23	2.5	1	1 22
145	20	2.5	1	1 19
146	15	2.5	1	2 13
147	26	2.5	1	2 24
148	17	2.5	1	0 17
149	16	2.5	1	2 14
150	21	2.5	1	1 20
151	397	2.5	1	0 397

RUN STATISTICS FOR INPUT FILE: 00_raw_reads/WR025V1ER_R1.fastq.gz
=============================================
166282895 sequences processed in total

