
SUMMARISING RUN PARAMETERS
==========================
Input filename: 00_raw_reads/WR025V9WR_R2.fastq.gz
Trimming mode: paired-end
Trim Galore version: 0.6.6
Cutadapt version: 3.4
Python version: could not detect
Number of cores used for trimming: 8
Quality Phred score cutoff: 20
Quality encoding type selected: ASCII+33
Using Illumina adapter for trimming (count: 26578). Second best hit was Nextera (count: 0)
Adapter sequence: 'AGATCGGAAGAGC' (Illumina TruSeq, Sanger iPCR; auto-detected)
Maximum trimming error rate: 0.1 (default)
Minimum required adapter overlap (stringency): 1 bp
Minimum required sequence length for both reads before a sequence pair gets removed: 20 bp
All Read 1 sequences will be trimmed by 10 bp from their 5' end to avoid poor qualities or biases
All Read 2 sequences will be trimmed by 15 bp from their 5' end to avoid poor qualities or biases (e.g. M-bias for BS-Seq applications)
All Read 1 sequences will be trimmed by 10 bp from their 3' end to avoid poor qualities or biases
All Read 2 sequences will be trimmed by 10 bp from their 3' end to avoid poor qualities or biases
Output file will be GZIP compressed


This is cutadapt 3.4 with Python 3.9.6
Command line parameters: -j 8 -e 0.1 -q 20 -O 1 -a AGATCGGAAGAGC 00_raw_reads/WR025V9WR_R2.fastq.gz
Processing reads on 8 cores in single-end mode ...
Finished in 851.69 s (5 µs/read; 11.71 M reads/minute).

=== Summary ===

Total reads processed:             166,282,895
Reads with adapters:                87,429,399 (52.6%)
Reads written (passing filters):   166,282,895 (100.0%)

Total basepairs processed: 25,108,717,145 bp
Quality-trimmed:              35,193,098 bp (0.1%)
Total written (filtered):  24,834,517,235 bp (98.9%)

=== Adapter 1 ===

Sequence: AGATCGGAAGAGC; Type: regular 3'; Length: 13; Trimmed: 87429399 times

No. of allowed errors:
1-9 bp: 0; 10-13 bp: 1

Bases preceding removed adapters:
  A: 54.8%
  C: 15.8%
  G: 0.9%
  T: 28.5%
  none/other: 0.0%

Overview of removed sequences
length	count	expect	max.err	error counts
1	77823205	41570723.8	0	77823205
2	675713	10392680.9	0	675713
3	576285	2598170.2	0	576285
4	469892	649542.6	0	469892
5	481068	162385.6	0	481068
6	410902	40596.4	0	410902
7	413484	10149.1	0	413484
8	471795	2537.3	0	471795
9	284350	634.3	0	283076 1274
10	414213	158.6	1	376420 37793
11	315515	39.6	1	287921 27594
12	354844	9.9	1	317931 36913
13	330903	2.5	1	300244 30659
14	338554	2.5	1	304725 33829
15	242418	2.5	1	220993 21425
16	273305	2.5	1	249677 23628
17	310892	2.5	1	284196 26696
18	165771	2.5	1	149805 15966
19	277212	2.5	1	254059 23153
20	239856	2.5	1	222923 16933
21	113978	2.5	1	103408 10570
22	184063	2.5	1	169881 14182
23	175416	2.5	1	160506 14910
24	196283	2.5	1	178573 17710
25	167652	2.5	1	156045 11607
26	122677	2.5	1	112725 9952
27	87183	2.5	1	78842 8341
28	135516	2.5	1	125402 10114
29	92112	2.5	1	84919 7193
30	100719	2.5	1	93125 7594
31	94854	2.5	1	87267 7587
32	80393	2.5	1	75602 4791
33	83770	2.5	1	77163 6607
34	78866	2.5	1	72964 5902
35	60177	2.5	1	56274 3903
36	54813	2.5	1	50827 3986
37	57300	2.5	1	53014 4286
38	46585	2.5	1	44140 2445
39	42644	2.5	1	40240 2404
40	41326	2.5	1	38979 2347
41	38097	2.5	1	35581 2516
42	37818	2.5	1	35312 2506
43	28510	2.5	1	26788 1722
44	30158	2.5	1	28117 2041
45	30503	2.5	1	28578 1925
46	18401	2.5	1	17164 1237
47	18913	2.5	1	17923 990
48	19262	2.5	1	18020 1242
49	18033	2.5	1	16967 1066
50	14173	2.5	1	13228 945
51	21432	2.5	1	20036 1396
52	11823	2.5	1	11136 687
53	8542	2.5	1	7988 554
54	7699	2.5	1	7194 505
55	10099	2.5	1	9566 533
56	7921	2.5	1	7452 469
57	7370	2.5	1	6951 419
58	7505	2.5	1	7084 421
59	6613	2.5	1	6212 401
60	6050	2.5	1	5686 364
61	7675	2.5	1	7274 401
62	3856	2.5	1	3609 247
63	1704	2.5	1	1522 182
64	3093	2.5	1	2929 164
65	3322	2.5	1	3114 208
66	3012	2.5	1	2816 196
67	2683	2.5	1	2505 178
68	2498	2.5	1	2357 141
69	2406	2.5	1	2252 154
70	2250	2.5	1	2108 142
71	2020	2.5	1	1867 153
72	1851	2.5	1	1730 121
73	1765	2.5	1	1647 118
74	1598	2.5	1	1478 120
75	1454	2.5	1	1342 112
76	1424	2.5	1	1315 109
77	1303	2.5	1	1207 96
78	1142	2.5	1	1053 89
79	1057	2.5	1	984 73
80	1022	2.5	1	934 88
81	915	2.5	1	833 82
82	910	2.5	1	842 68
83	865	2.5	1	784 81
84	804	2.5	1	719 85
85	713	2.5	1	652 61
86	681	2.5	1	618 63
87	696	2.5	1	630 66
88	627	2.5	1	580 47
89	573	2.5	1	525 48
90	555	2.5	1	504 51
91	556	2.5	1	494 62
92	506	2.5	1	443 63
93	483	2.5	1	438 45
94	415	2.5	1	364 51
95	458	2.5	1	404 54
96	452	2.5	1	406 46
97	428	2.5	1	381 47
98	416	2.5	1	363 53
99	407	2.5	1	355 52
100	373	2.5	1	314 59
101	345	2.5	1	295 50
102	371	2.5	1	299 72
103	360	2.5	1	294 66
104	346	2.5	1	265 81
105	354	2.5	1	261 93
106	355	2.5	1	258 97
107	349	2.5	1	261 88
108	328	2.5	1	225 103
109	344	2.5	1	241 103
110	320	2.5	1	213 107
111	303	2.5	1	209 94
112	350	2.5	1	247 103
113	313	2.5	1	201 112
114	388	2.5	1	240 148
115	366	2.5	1	238 128
116	374	2.5	1	228 146
117	425	2.5	1	212 213
118	503	2.5	1	230 273
119	596	2.5	1	212 384
120	881	2.5	1	278 603
121	1327	2.5	1	356 971
122	1910	2.5	1	331 1579
123	2799	2.5	1	303 2496
124	4162	2.5	1	289 3873
125	5871	2.5	1	287 5584
126	8239	2.5	1	276 7963
127	11000	2.5	1	236 10764
128	14147	2.5	1	259 13888
129	16559	2.5	1	240 16319
130	16699	2.5	1	220 16479
131	14490	2.5	1	235 14255
132	9490	2.5	1	271 9219
133	3806	2.5	1	311 3495
134	1523	2.5	1	329 1194
135	982	2.5	1	335 647
136	904	2.5	1	294 610
137	1097	2.5	1	321 776
138	796	2.5	1	237 559
139	717	2.5	1	243 474
140	722	2.5	1	255 467
141	692	2.5	1	233 459
142	654	2.5	1	231 423
143	568	2.5	1	175 393
144	593	2.5	1	211 382
145	530	2.5	1	256 274
146	552	2.5	1	348 204
147	390	2.5	1	221 169
148	122	2.5	1	55 67
149	959	2.5	1	884 75
150	263	2.5	1	198 65
151	4471	2.5	1	4202 269

RUN STATISTICS FOR INPUT FILE: 00_raw_reads/WR025V9WR_R2.fastq.gz
=============================================
166282895 sequences processed in total

Total number of sequences analysed for the sequence pair length validation: 166282895

Number of sequence pairs removed because at least one read was shorter than the length cutoff (20 bp): 163374 (0.10%)
