
SUMMARISING RUN PARAMETERS
==========================
Input filename: 00_raw_reads/WR025V9ER_R2.fastq.gz
Trimming mode: paired-end
Trim Galore version: 0.6.6
Cutadapt version: 3.4
Python version: could not detect
Number of cores used for trimming: 8
Quality Phred score cutoff: 20
Quality encoding type selected: ASCII+33
Using Illumina adapter for trimming (count: 27105). Second best hit was smallRNA (count: 0)
Adapter sequence: 'AGATCGGAAGAGC' (Illumina TruSeq, Sanger iPCR; auto-detected)
Maximum trimming error rate: 0.1 (default)
Minimum required adapter overlap (stringency): 1 bp
Minimum required sequence length for both reads before a sequence pair gets removed: 20 bp
Output file will be GZIP compressed


This is cutadapt 3.4 with Python 3.9.6
Command line parameters: -j 8 -e 0.1 -q 20 -O 1 -a AGATCGGAAGAGC 00_raw_reads/WR025V9ER_R2.fastq.gz
Processing reads on 8 cores in single-end mode ...
Finished in 837.53 s (5 µs/read; 11.91 M reads/minute).

=== Summary ===

Total reads processed:             166,282,895
Reads with adapters:                85,416,447 (51.4%)
Reads written (passing filters):   166,282,895 (100.0%)

Total basepairs processed: 25,108,717,145 bp
Quality-trimmed:              52,316,414 bp (0.2%)
Total written (filtered):  24,761,400,281 bp (98.6%)

=== Adapter 1 ===

Sequence: AGATCGGAAGAGC; Type: regular 3'; Length: 13; Trimmed: 85416447 times

No. of allowed errors:
1-9 bp: 0; 10-13 bp: 1

Bases preceding removed adapters:
  A: 56.5%
  C: 15.5%
  G: 1.0%
  T: 27.0%
  none/other: 0.0%

Overview of removed sequences
length	count	expect	max.err	error counts
1	78605612	41570723.8	0	78605612
2	355576	10392680.9	0	355576
3	221917	2598170.2	0	221917
4	157408	649542.6	0	157408
5	157098	162385.6	0	157098
6	132310	40596.4	0	132310
7	139482	10149.1	0	139482
8	164750	2537.3	0	164750
9	85550	634.3	0	84623 927
10	152278	158.6	1	134272 18006
11	110451	39.6	1	97447 13004
12	135438	9.9	1	115388 20050
13	131096	2.5	1	112631 18465
14	141413	2.5	1	120867 20546
15	105708	2.5	1	91380 14328
16	122549	2.5	1	106249 16300
17	146777	2.5	1	127663 19114
18	80404	2.5	1	69088 11316
19	141509	2.5	1	123135 18374
20	131767	2.5	1	116449 15318
21	59297	2.5	1	51198 8099
22	106035	2.5	1	92926 13109
23	107198	2.5	1	93177 14021
24	138983	2.5	1	120954 18029
25	123526	2.5	1	109725 13801
26	88777	2.5	1	78078 10699
27	55173	2.5	1	47308 7865
28	124300	2.5	1	110562 13738
29	65298	2.5	1	56792 8506
30	111180	2.5	1	98325 12855
31	70876	2.5	1	62008 8868
32	98706	2.5	1	88271 10435
33	83768	2.5	1	74442 9326
34	83448	2.5	1	74141 9307
35	85776	2.5	1	75276 10500
36	84521	2.5	1	75910 8611
37	72632	2.5	1	64526 8106
38	83439	2.5	1	75340 8099
39	64999	2.5	1	58165 6834
40	81746	2.5	1	72796 8950
41	71041	2.5	1	64327 6714
42	78301	2.5	1	70374 7927
43	66060	2.5	1	59301 6759
44	65516	2.5	1	59097 6419
45	74596	2.5	1	66954 7642
46	71164	2.5	1	64350 6814
47	65361	2.5	1	59139 6222
48	55975	2.5	1	50547 5428
49	65674	2.5	1	58570 7104
50	58289	2.5	1	53230 5059
51	57775	2.5	1	52376 5399
52	58560	2.5	1	53350 5210
53	57469	2.5	1	51925 5544
54	63326	2.5	1	57309 6017
55	46219	2.5	1	41787 4432
56	56097	2.5	1	50788 5309
57	63678	2.5	1	58102 5576
58	40567	2.5	1	36531 4036
59	45544	2.5	1	41596 3948
60	51028	2.5	1	46237 4791
61	51146	2.5	1	46801 4345
62	39689	2.5	1	36036 3653
63	70169	2.5	1	64316 5853
64	42833	2.5	1	39185 3648
65	29493	2.5	1	26867 2626
66	30668	2.5	1	27964 2704
67	44696	2.5	1	41272 3424
68	36268	2.5	1	33255 3013
69	37230	2.5	1	34163 3067
70	42535	2.5	1	39326 3209
71	38779	2.5	1	35814 2965
72	37306	2.5	1	34388 2918
73	48911	2.5	1	45366 3545
74	22351	2.5	1	20514 1837
75	11638	2.5	1	10444 1194
76	23467	2.5	1	21710 1757
77	26114	2.5	1	24097 2017
78	25280	2.5	1	23367 1913
79	24847	2.5	1	22950 1897
80	23353	2.5	1	21611 1742
81	21995	2.5	1	20289 1706
82	21246	2.5	1	19648 1598
83	19935	2.5	1	18468 1467
84	18649	2.5	1	17220 1429
85	17978	2.5	1	16688 1290
86	16783	2.5	1	15544 1239
87	15473	2.5	1	14317 1156
88	14514	2.5	1	13452 1062
89	13477	2.5	1	12572 905
90	12734	2.5	1	11835 899
91	11534	2.5	1	10730 804
92	10896	2.5	1	10133 763
93	9901	2.5	1	9229 672
94	9002	2.5	1	8376 626
95	8212	2.5	1	7583 629
96	7623	2.5	1	7086 537
97	6922	2.5	1	6403 519
98	6220	2.5	1	5758 462
99	5809	2.5	1	5411 398
100	4979	2.5	1	4606 373
101	4498	2.5	1	4164 334
102	3922	2.5	1	3649 273
103	3501	2.5	1	3228 273
104	3117	2.5	1	2894 223
105	2726	2.5	1	2515 211
106	2330	2.5	1	2144 186
107	2081	2.5	1	1904 177
108	1813	2.5	1	1661 152
109	1532	2.5	1	1388 144
110	1311	2.5	1	1183 128
111	1122	2.5	1	1016 106
112	1008	2.5	1	896 112
113	799	2.5	1	720 79
114	702	2.5	1	622 80
115	633	2.5	1	544 89
116	489	2.5	1	420 69
117	473	2.5	1	406 67
118	383	2.5	1	332 51
119	335	2.5	1	276 59
120	393	2.5	1	329 64
121	230	2.5	1	187 43
122	208	2.5	1	161 47
123	148	2.5	1	108 40
124	150	2.5	1	114 36
125	112	2.5	1	78 34
126	123	2.5	1	95 28
127	83	2.5	1	64 19
128	91	2.5	1	61 30
129	65	2.5	1	41 24
130	57	2.5	1	43 14
131	57	2.5	1	46 11
132	44	2.5	1	34 10
133	35	2.5	1	27 8
134	26	2.5	1	21 5
135	21	2.5	1	16 5
136	21	2.5	1	17 4
137	13	2.5	1	9 4
138	13	2.5	1	10 3
139	11	2.5	1	9 2
140	4	2.5	1	3 1
141	8	2.5	1	5 3
142	6	2.5	1	2 4
143	6	2.5	1	3 3
144	11	2.5	1	4 7
145	13	2.5	1	5 8
146	10	2.5	1	0 10
147	11	2.5	1	5 6
148	9	2.5	1	2 7
149	4	2.5	1	2 2
150	9	2.5	1	0 9
151	14	2.5	1	3 11

RUN STATISTICS FOR INPUT FILE: 00_raw_reads/WR025V9ER_R2.fastq.gz
=============================================
166282895 sequences processed in total

Total number of sequences analysed for the sequence pair length validation: 166282895

Number of sequence pairs removed because at least one read was shorter than the length cutoff (20 bp): 11908 (0.01%)
