
SUMMARISING RUN PARAMETERS
==========================
Input filename: 00_raw_reads/WR069V9ER_R1.fastq.gz
Trimming mode: paired-end
Trim Galore version: 0.6.6
Cutadapt version: 3.4
Python version: could not detect
Number of cores used for trimming: 8
Quality Phred score cutoff: 20
Quality encoding type selected: ASCII+33
Using Illumina adapter for trimming (count: 29988). Second best hit was smallRNA (count: 0)
Adapter sequence: 'AGATCGGAAGAGC' (Illumina TruSeq, Sanger iPCR; auto-detected)
Maximum trimming error rate: 0.1 (default)
Minimum required adapter overlap (stringency): 1 bp
Minimum required sequence length for both reads before a sequence pair gets removed: 20 bp
Output file will be GZIP compressed


This is cutadapt 3.4 with Python 3.9.6
Command line parameters: -j 8 -e 0.1 -q 20 -O 1 -a AGATCGGAAGAGC 00_raw_reads/WR069V9ER_R1.fastq.gz
Processing reads on 8 cores in single-end mode ...
Finished in 830.43 s (5 µs/read; 12.01 M reads/minute).

=== Summary ===

Total reads processed:             166,282,895
Reads with adapters:                67,034,482 (40.3%)
Reads written (passing filters):   166,282,895 (100.0%)

Total basepairs processed: 25,108,717,145 bp
Quality-trimmed:              30,195,278 bp (0.1%)
Total written (filtered):  24,754,213,205 bp (98.6%)

=== Adapter 1 ===

Sequence: AGATCGGAAGAGC; Type: regular 3'; Length: 13; Trimmed: 67034482 times

No. of allowed errors:
1-9 bp: 0; 10-13 bp: 1

Bases preceding removed adapters:
  A: 34.1%
  C: 0.2%
  G: 16.7%
  T: 49.0%
  none/other: 0.0%

Overview of removed sequences
length	count	expect	max.err	error counts
1	44814082	41570723.8	0	44814082
2	10477805	10392680.9	0	10477805
3	3735116	2598170.2	0	3735116
4	1390676	649542.6	0	1390676
5	162487	162385.6	0	162487
6	150338	40596.4	0	150338
7	124277	10149.1	0	124277
8	138075	2537.3	0	138075
9	130301	634.3	0	126268 4033
10	129636	158.6	1	113205 16431
11	146407	39.6	1	125010 21397
12	142706	9.9	1	125289 17417
13	118263	2.5	1	103802 14461
14	128951	2.5	1	110021 18930
15	125195	2.5	1	110092 15103
16	123594	2.5	1	104829 18765
17	138187	2.5	1	116375 21812
18	158029	2.5	1	142183 15846
19	63602	2.5	1	54753 8849
20	113420	2.5	1	99312 14108
21	119941	2.5	1	105099 14842
22	99557	2.5	1	88344 11213
23	118516	2.5	1	103912 14604
24	111472	2.5	1	93031 18441
25	113987	2.5	1	100541 13446
26	86955	2.5	1	76731 10224
27	108184	2.5	1	94042 14142
28	97019	2.5	1	85916 11103
29	105900	2.5	1	89950 15950
30	125424	2.5	1	112909 12515
31	57786	2.5	1	50407 7379
32	93166	2.5	1	82772 10394
33	92284	2.5	1	80146 12138
34	88688	2.5	1	78644 10044
35	89809	2.5	1	78185 11624
36	86956	2.5	1	77517 9439
37	93178	2.5	1	82053 11125
38	91700	2.5	1	77611 14089
39	95576	2.5	1	86670 8906
40	57458	2.5	1	50996 6462
41	88932	2.5	1	78928 10004
42	95984	2.5	1	85170 10814
43	87617	2.5	1	74274 13343
44	54237	2.5	1	45921 8316
45	126572	2.5	1	114604 11968
46	22230	2.5	1	17895 4335
47	80508	2.5	1	69015 11493
48	162793	2.5	1	147523 15270
49	44523	2.5	1	38013 6510
50	103016	2.5	1	91247 11769
51	78569	2.5	1	70351 8218
52	46748	2.5	1	42118 4630
53	61091	2.5	1	52644 8447
54	181879	2.5	1	168248 13631
55	44415	2.5	1	40670 3745
56	14848	2.5	1	11418 3430
57	89816	2.5	1	83588 6228
58	10989	2.5	1	9194 1795
59	28120	2.5	1	24892 3228
60	51068	2.5	1	47020 4048
61	8489	2.5	1	6418 2071
62	53409	2.5	1	48392 5017
63	88273	2.5	1	82913 5360
64	7701	2.5	1	6407 1294
65	22920	2.5	1	20067 2853
66	48524	2.5	1	45287 3237
67	35850	2.5	1	32525 3325
68	48912	2.5	1	44473 4439
69	53079	2.5	1	47230 5849
70	97722	2.5	1	90733 6989
71	21172	2.5	1	18856 2316
72	11295	2.5	1	9994 1301
73	13842	2.5	1	12407 1435
74	25578	2.5	1	23465 2113
75	32050	2.5	1	29459 2591
76	34138	2.5	1	31305 2833
77	33449	2.5	1	30656 2793
78	32845	2.5	1	30160 2685
79	31089	2.5	1	28535 2554
80	30036	2.5	1	27483 2553
81	28574	2.5	1	26215 2359
82	27497	2.5	1	25306 2191
83	26070	2.5	1	23967 2103
84	24951	2.5	1	22949 2002
85	23374	2.5	1	21537 1837
86	21914	2.5	1	20252 1662
87	20759	2.5	1	19146 1613
88	19243	2.5	1	17718 1525
89	18305	2.5	1	16956 1349
90	17062	2.5	1	15836 1226
91	15882	2.5	1	14684 1198
92	14904	2.5	1	13833 1071
93	13235	2.5	1	12314 921
94	12396	2.5	1	11547 849
95	11207	2.5	1	10415 792
96	10361	2.5	1	9642 719
97	9287	2.5	1	8619 668
98	8613	2.5	1	8022 591
99	7646	2.5	1	7100 546
100	6848	2.5	1	6356 492
101	6138	2.5	1	5722 416
102	5421	2.5	1	5032 389
103	4821	2.5	1	4473 348
104	4314	2.5	1	4010 304
105	3824	2.5	1	3504 320
106	3330	2.5	1	3073 257
107	2805	2.5	1	2592 213
108	2463	2.5	1	2282 181
109	2168	2.5	1	2018 150
110	1837	2.5	1	1686 151
111	1596	2.5	1	1458 138
112	1299	2.5	1	1182 117
113	1074	2.5	1	968 106
114	887	2.5	1	796 91
115	710	2.5	1	637 73
116	605	2.5	1	531 74
117	520	2.5	1	468 52
118	422	2.5	1	363 59
119	370	2.5	1	315 55
120	453	2.5	1	393 60
121	259	2.5	1	213 46
122	164	2.5	1	132 32
123	140	2.5	1	104 36
124	127	2.5	1	103 24
125	115	2.5	1	76 39
126	89	2.5	1	62 27
127	82	2.5	1	54 28
128	75	2.5	1	48 27
129	66	2.5	1	43 23
130	54	2.5	1	23 31
131	38	2.5	1	22 16
132	37	2.5	1	25 12
133	33	2.5	1	19 14
134	24	2.5	1	8 16
135	32	2.5	1	15 17
136	32	2.5	1	16 16
137	22	2.5	1	9 13
138	27	2.5	1	10 17
139	21	2.5	1	7 14
140	16	2.5	1	3 13
141	17	2.5	1	3 14
142	16	2.5	1	3 13
143	19	2.5	1	2 17
144	13	2.5	1	1 12
145	14	2.5	1	1 13
146	24	2.5	1	0 24
147	21	2.5	1	1 20
148	18	2.5	1	0 18
149	23	2.5	1	4 19
150	15	2.5	1	2 13
151	633	2.5	1	3 630

RUN STATISTICS FOR INPUT FILE: 00_raw_reads/WR069V9ER_R1.fastq.gz
=============================================
166282895 sequences processed in total

