
SUMMARISING RUN PARAMETERS
==========================
Input filename: 00_raw_reads/WR069V9ER_R2.fastq.gz
Trimming mode: paired-end
Trim Galore version: 0.6.6
Cutadapt version: 3.4
Python version: could not detect
Number of cores used for trimming: 8
Quality Phred score cutoff: 20
Quality encoding type selected: ASCII+33
Using Illumina adapter for trimming (count: 29988). Second best hit was smallRNA (count: 0)
Adapter sequence: 'AGATCGGAAGAGC' (Illumina TruSeq, Sanger iPCR; auto-detected)
Maximum trimming error rate: 0.1 (default)
Minimum required adapter overlap (stringency): 1 bp
Minimum required sequence length for both reads before a sequence pair gets removed: 20 bp
Output file will be GZIP compressed


This is cutadapt 3.4 with Python 3.9.6
Command line parameters: -j 8 -e 0.1 -q 20 -O 1 -a AGATCGGAAGAGC 00_raw_reads/WR069V9ER_R2.fastq.gz
Processing reads on 8 cores in single-end mode ...
Finished in 835.91 s (5 µs/read; 11.94 M reads/minute).

=== Summary ===

Total reads processed:             166,282,895
Reads with adapters:                85,530,504 (51.4%)
Reads written (passing filters):   166,282,895 (100.0%)

Total basepairs processed: 25,108,717,145 bp
Quality-trimmed:              55,295,634 bp (0.2%)
Total written (filtered):  24,723,534,760 bp (98.5%)

=== Adapter 1 ===

Sequence: AGATCGGAAGAGC; Type: regular 3'; Length: 13; Trimmed: 85530504 times

No. of allowed errors:
1-9 bp: 0; 10-13 bp: 1

Bases preceding removed adapters:
  A: 56.4%
  C: 15.6%
  G: 1.0%
  T: 27.0%
  none/other: 0.0%

Overview of removed sequences
length	count	expect	max.err	error counts
1	78003899	41570723.8	0	78003899
2	375819	10392680.9	0	375819
3	232681	2598170.2	0	232681
4	160442	649542.6	0	160442
5	161579	162385.6	0	161579
6	136633	40596.4	0	136633
7	141524	10149.1	0	141524
8	164030	2537.3	0	164030
9	97374	634.3	0	96337 1037
10	154939	158.6	1	136737 18202
11	118700	39.6	1	104975 13725
12	141168	9.9	1	119892 21276
13	137133	2.5	1	117755 19378
14	148542	2.5	1	127028 21514
15	109756	2.5	1	94805 14951
16	127991	2.5	1	110727 17264
17	155418	2.5	1	135298 20120
18	83933	2.5	1	71694 12239
19	147452	2.5	1	128405 19047
20	139997	2.5	1	123512 16485
21	64606	2.5	1	55584 9022
22	113310	2.5	1	99035 14275
23	113840	2.5	1	98996 14844
24	136955	2.5	1	118529 18426
25	132522	2.5	1	117309 15213
26	96078	2.5	1	84173 11905
27	68960	2.5	1	59210 9750
28	128443	2.5	1	113624 14819
29	76502	2.5	1	66745 9757
30	101338	2.5	1	89185 12153
31	97538	2.5	1	85630 11908
32	89639	2.5	1	80293 9346
33	95108	2.5	1	84180 10928
34	92251	2.5	1	81602 10649
35	95666	2.5	1	83809 11857
36	90876	2.5	1	80167 10709
37	85139	2.5	1	76133 9006
38	90139	2.5	1	79948 10191
39	83394	2.5	1	74521 8873
40	105945	2.5	1	94864 11081
41	62235	2.5	1	55374 6861
42	84955	2.5	1	75985 8970
43	78610	2.5	1	70287 8323
44	74601	2.5	1	67089 7512
45	83471	2.5	1	74573 8898
46	81448	2.5	1	73058 8390
47	71570	2.5	1	64646 6924
48	65855	2.5	1	59192 6663
49	74456	2.5	1	66398 8058
50	67006	2.5	1	60830 6176
51	65160	2.5	1	59000 6160
52	67365	2.5	1	61147 6218
53	66403	2.5	1	59773 6630
54	73841	2.5	1	66714 7127
55	54331	2.5	1	48808 5523
56	66169	2.5	1	59530 6639
57	82858	2.5	1	75449 7409
58	43117	2.5	1	38632 4485
59	51389	2.5	1	46913 4476
60	61040	2.5	1	55223 5817
61	60723	2.5	1	55371 5352
62	47721	2.5	1	43160 4561
63	87024	2.5	1	79584 7440
64	50739	2.5	1	46277 4462
65	35478	2.5	1	32052 3426
66	36444	2.5	1	33003 3441
67	55719	2.5	1	51262 4457
68	44339	2.5	1	40591 3748
69	45797	2.5	1	41735 4062
70	52965	2.5	1	48764 4201
71	47934	2.5	1	44033 3901
72	46324	2.5	1	42305 4019
73	60205	2.5	1	55797 4408
74	28217	2.5	1	25852 2365
75	14651	2.5	1	13094 1557
76	29718	2.5	1	27306 2412
77	33070	2.5	1	30399 2671
78	32750	2.5	1	30154 2596
79	31019	2.5	1	28567 2452
80	29817	2.5	1	27433 2384
81	28343	2.5	1	26144 2199
82	27218	2.5	1	25118 2100
83	26152	2.5	1	24098 2054
84	24865	2.5	1	22963 1902
85	23825	2.5	1	21903 1922
86	22101	2.5	1	20470 1631
87	20892	2.5	1	19244 1648
88	19303	2.5	1	17827 1476
89	18280	2.5	1	16890 1390
90	17247	2.5	1	15990 1257
91	15931	2.5	1	14720 1211
92	14955	2.5	1	13808 1147
93	13317	2.5	1	12323 994
94	12406	2.5	1	11521 885
95	11290	2.5	1	10422 868
96	10436	2.5	1	9639 797
97	9363	2.5	1	8667 696
98	8702	2.5	1	8070 632
99	7835	2.5	1	7276 559
100	7002	2.5	1	6472 530
101	6226	2.5	1	5768 458
102	5471	2.5	1	5062 409
103	4805	2.5	1	4435 370
104	4284	2.5	1	3955 329
105	3822	2.5	1	3541 281
106	3369	2.5	1	3109 260
107	2809	2.5	1	2577 232
108	2507	2.5	1	2299 208
109	2249	2.5	1	2059 190
110	1870	2.5	1	1734 136
111	1637	2.5	1	1498 139
112	1365	2.5	1	1232 133
113	1087	2.5	1	990 97
114	935	2.5	1	840 95
115	749	2.5	1	651 98
116	631	2.5	1	552 79
117	553	2.5	1	486 67
118	452	2.5	1	387 65
119	404	2.5	1	356 48
120	471	2.5	1	425 46
121	277	2.5	1	221 56
122	188	2.5	1	157 31
123	145	2.5	1	112 33
124	148	2.5	1	120 28
125	126	2.5	1	97 29
126	97	2.5	1	78 19
127	92	2.5	1	69 23
128	77	2.5	1	56 21
129	70	2.5	1	52 18
130	49	2.5	1	33 16
131	42	2.5	1	25 17
132	37	2.5	1	26 11
133	30	2.5	1	22 8
134	13	2.5	1	11 2
135	21	2.5	1	19 2
136	23	2.5	1	17 6
137	15	2.5	1	12 3
138	14	2.5	1	12 2
139	9	2.5	1	7 2
140	8	2.5	1	3 5
141	5	2.5	1	4 1
142	9	2.5	1	4 5
143	7	2.5	1	2 5
144	1	2.5	1	0 1
145	5	2.5	1	1 4
146	3	2.5	1	0 3
147	4	2.5	1	3 1
148	8	2.5	1	1 7
149	7	2.5	1	0 7
150	5	2.5	1	0 5
151	17	2.5	1	3 14

RUN STATISTICS FOR INPUT FILE: 00_raw_reads/WR069V9ER_R2.fastq.gz
=============================================
166282895 sequences processed in total

Total number of sequences analysed for the sequence pair length validation: 166282895

Number of sequence pairs removed because at least one read was shorter than the length cutoff (20 bp): 15842 (0.01%)
