
SUMMARISING RUN PARAMETERS
==========================
Input filename: 00_raw_reads/WR069V1ER_R1.fastq.gz
Trimming mode: paired-end
Trim Galore version: 0.6.6
Cutadapt version: 3.4
Python version: could not detect
Number of cores used for trimming: 8
Quality Phred score cutoff: 20
Quality encoding type selected: ASCII+33
Using Illumina adapter for trimming (count: 15312). Second best hit was smallRNA (count: 0)
Adapter sequence: 'AGATCGGAAGAGC' (Illumina TruSeq, Sanger iPCR; auto-detected)
Maximum trimming error rate: 0.1 (default)
Minimum required adapter overlap (stringency): 1 bp
Minimum required sequence length for both reads before a sequence pair gets removed: 20 bp
Output file will be GZIP compressed


This is cutadapt 3.4 with Python 3.9.6
Command line parameters: -j 8 -e 0.1 -q 20 -O 1 -a AGATCGGAAGAGC 00_raw_reads/WR069V1ER_R1.fastq.gz
Processing reads on 8 cores in single-end mode ...
Finished in 841.93 s (5 µs/read; 11.85 M reads/minute).

=== Summary ===

Total reads processed:             166,282,895
Reads with adapters:                64,738,801 (38.9%)
Reads written (passing filters):   166,282,895 (100.0%)

Total basepairs processed: 25,108,717,145 bp
Quality-trimmed:              31,243,184 bp (0.1%)
Total written (filtered):  24,871,230,523 bp (99.1%)

=== Adapter 1 ===

Sequence: AGATCGGAAGAGC; Type: regular 3'; Length: 13; Trimmed: 64738801 times

No. of allowed errors:
1-9 bp: 0; 10-13 bp: 1

Bases preceding removed adapters:
  A: 34.2%
  C: 0.2%
  G: 16.9%
  T: 48.7%
  none/other: 0.0%

Overview of removed sequences
length	count	expect	max.err	error counts
1	45369867	41570723.8	0	45369867
2	10921396	10392680.9	0	10921396
3	3773517	2598170.2	0	3773517
4	1329206	649542.6	0	1329206
5	90370	162385.6	0	90370
6	83469	40596.4	0	83469
7	64076	10149.1	0	64076
8	70102	2537.3	0	70102
9	67549	634.3	0	64518 3031
10	67314	158.6	1	57654 9660
11	74335	39.6	1	62903 11432
12	72511	9.9	1	64031 8480
13	58673	2.5	1	52189 6484
14	66003	2.5	1	56889 9114
15	63375	2.5	1	56327 7048
16	61896	2.5	1	53068 8828
17	69184	2.5	1	58924 10260
18	78901	2.5	1	71356 7545
19	32774	2.5	1	28670 4104
20	56963	2.5	1	50395 6568
21	59928	2.5	1	53101 6827
22	49999	2.5	1	44912 5087
23	59689	2.5	1	52868 6821
24	56161	2.5	1	47229 8932
25	57972	2.5	1	51579 6393
26	43263	2.5	1	38774 4489
27	54342	2.5	1	47682 6660
28	49849	2.5	1	44505 5344
29	52729	2.5	1	45229 7500
30	61962	2.5	1	56098 5864
31	30338	2.5	1	26927 3411
32	49332	2.5	1	44413 4919
33	44969	2.5	1	39214 5755
34	48717	2.5	1	42827 5890
35	45937	2.5	1	41431 4506
36	37431	2.5	1	33905 3526
37	46101	2.5	1	40513 5588
38	40958	2.5	1	36893 4065
39	43441	2.5	1	37719 5722
40	43913	2.5	1	39313 4600
41	37109	2.5	1	33225 3884
42	41395	2.5	1	36948 4447
43	48247	2.5	1	42549 5698
44	29795	2.5	1	26304 3491
45	61104	2.5	1	56043 5061
46	12211	2.5	1	10490 1721
47	36503	2.5	1	32788 3715
48	41646	2.5	1	37466 4180
49	28586	2.5	1	25893 2693
50	35814	2.5	1	31824 3990
51	35561	2.5	1	31470 4091
52	31329	2.5	1	28333 2996
53	31705	2.5	1	28547 3158
54	36867	2.5	1	32287 4580
55	43012	2.5	1	39643 3369
56	16875	2.5	1	14810 2065
57	36797	2.5	1	33167 3630
58	35720	2.5	1	33159 2561
59	17146	2.5	1	15118 2028
60	32186	2.5	1	29651 2535
61	18606	2.5	1	16851 1755
62	27589	2.5	1	25001 2588
63	32761	2.5	1	30150 2611
64	23413	2.5	1	21693 1720
65	17740	2.5	1	15872 1868
66	24302	2.5	1	22402 1900
67	25771	2.5	1	23552 2219
68	28267	2.5	1	25852 2415
69	27020	2.5	1	24247 2773
70	50207	2.5	1	46560 3647
71	6606	2.5	1	5771 835
72	5463	2.5	1	4817 646
73	9942	2.5	1	9113 829
74	15027	2.5	1	13865 1162
75	17028	2.5	1	15724 1304
76	17096	2.5	1	15757 1339
77	16545	2.5	1	15227 1318
78	15885	2.5	1	14565 1320
79	15341	2.5	1	14190 1151
80	14430	2.5	1	13224 1206
81	14084	2.5	1	12996 1088
82	13425	2.5	1	12393 1032
83	12836	2.5	1	11878 958
84	11795	2.5	1	10945 850
85	11311	2.5	1	10445 866
86	10628	2.5	1	9809 819
87	9902	2.5	1	9150 752
88	9456	2.5	1	8747 709
89	8725	2.5	1	8080 645
90	8280	2.5	1	7665 615
91	7535	2.5	1	6914 621
92	6921	2.5	1	6356 565
93	6406	2.5	1	5887 519
94	5921	2.5	1	5454 467
95	5485	2.5	1	5070 415
96	4944	2.5	1	4535 409
97	4509	2.5	1	4153 356
98	4060	2.5	1	3733 327
99	3853	2.5	1	3517 336
100	3403	2.5	1	3083 320
101	3154	2.5	1	2847 307
102	2789	2.5	1	2511 278
103	2432	2.5	1	2193 239
104	2205	2.5	1	1949 256
105	1960	2.5	1	1773 187
106	1803	2.5	1	1603 200
107	1532	2.5	1	1362 170
108	1429	2.5	1	1253 176
109	1254	2.5	1	1075 179
110	1069	2.5	1	927 142
111	924	2.5	1	809 115
112	820	2.5	1	694 126
113	685	2.5	1	572 113
114	621	2.5	1	507 114
115	545	2.5	1	434 111
116	500	2.5	1	391 109
117	441	2.5	1	340 101
118	365	2.5	1	286 79
119	322	2.5	1	244 78
120	381	2.5	1	277 104
121	260	2.5	1	182 78
122	226	2.5	1	151 75
123	202	2.5	1	130 72
124	178	2.5	1	126 52
125	187	2.5	1	123 64
126	159	2.5	1	102 57
127	144	2.5	1	88 56
128	151	2.5	1	102 49
129	148	2.5	1	96 52
130	108	2.5	1	66 42
131	94	2.5	1	62 32
132	85	2.5	1	57 28
133	75	2.5	1	55 20
134	64	2.5	1	39 25
135	57	2.5	1	34 23
136	48	2.5	1	22 26
137	42	2.5	1	26 16
138	38	2.5	1	12 26
139	23	2.5	1	11 12
140	33	2.5	1	7 26
141	27	2.5	1	9 18
142	14	2.5	1	3 11
143	27	2.5	1	1 26
144	20	2.5	1	1 19
145	24	2.5	1	6 18
146	27	2.5	1	2 25
147	18	2.5	1	3 15
148	27	2.5	1	1 26
149	14	2.5	1	1 13
150	33	2.5	1	0 33
151	379	2.5	1	3 376

RUN STATISTICS FOR INPUT FILE: 00_raw_reads/WR069V1ER_R1.fastq.gz
=============================================
166282895 sequences processed in total

