
SUMMARISING RUN PARAMETERS
==========================
Input filename: 00_raw_reads/WR025V9W_S23_R2.fastq.gz
Trimming mode: paired-end
Trim Galore version: 0.6.6
Cutadapt version: 3.4
Python version: could not detect
Number of cores used for trimming: 8
Quality Phred score cutoff: 20
Quality encoding type selected: ASCII+33
Using Illumina adapter for trimming (count: 26535). Second best hit was Nextera (count: 0)
Adapter sequence: 'AGATCGGAAGAGC' (Illumina TruSeq, Sanger iPCR; auto-detected)
Maximum trimming error rate: 0.1 (default)
Minimum required adapter overlap (stringency): 1 bp
Minimum required sequence length for both reads before a sequence pair gets removed: 20 bp
Output file will be GZIP compressed


This is cutadapt 3.4 with Python 3.9.6
Command line parameters: -j 8 -e 0.1 -q 20 -O 1 -a AGATCGGAAGAGC 00_raw_reads/WR025V9W_S23_R2.fastq.gz
Processing reads on 8 cores in single-end mode ...
Finished in 859.70 s (5 µs/read; 12.86 M reads/minute).

=== Summary ===

Total reads processed:             184,214,794
Reads with adapters:                96,858,343 (52.6%)
Reads written (passing filters):   184,214,794 (100.0%)

Total basepairs processed: 27,816,433,894 bp
Quality-trimmed:              38,978,757 bp (0.1%)
Total written (filtered):  27,512,681,224 bp (98.9%)

=== Adapter 1 ===

Sequence: AGATCGGAAGAGC; Type: regular 3'; Length: 13; Trimmed: 96858343 times

No. of allowed errors:
1-9 bp: 0; 10-13 bp: 1

Bases preceding removed adapters:
  A: 54.8%
  C: 15.8%
  G: 0.9%
  T: 28.5%
  none/other: 0.0%

Overview of removed sequences
length	count	expect	max.err	error counts
1	86216759	46053698.5	0	86216759
2	748816	11513424.6	0	748816
3	638954	2878356.2	0	638954
4	520596	719589.0	0	520596
5	533123	179897.3	0	533123
6	454801	44974.3	0	454801
7	457943	11243.6	0	457943
8	522576	2810.9	0	522576
9	314985	702.7	0	313573 1412
10	458655	175.7	1	416784 41871
11	349598	43.9	1	319125 30473
12	392763	11.0	1	351833 40930
13	366393	2.7	1	332506 33887
14	374844	2.7	1	337382 37462
15	268577	2.7	1	244856 23721
16	302665	2.7	1	276506 26159
17	344371	2.7	1	314918 29453
18	183408	2.7	1	165701 17707
19	307179	2.7	1	281500 25679
20	265872	2.7	1	247138 18734
21	126315	2.7	1	114596 11719
22	203865	2.7	1	188179 15686
23	194050	2.7	1	177581 16469
24	217462	2.7	1	197832 19630
25	185907	2.7	1	173065 12842
26	135773	2.7	1	124812 10961
27	96569	2.7	1	87326 9243
28	150399	2.7	1	139229 11170
29	102004	2.7	1	94059 7945
30	111682	2.7	1	103239 8443
31	105112	2.7	1	96748 8364
32	89048	2.7	1	83770 5278
33	92917	2.7	1	85618 7299
34	87430	2.7	1	80955 6475
35	66552	2.7	1	62247 4305
36	60721	2.7	1	56322 4399
37	63364	2.7	1	58649 4715
38	51681	2.7	1	48977 2704
39	47222	2.7	1	44574 2648
40	45815	2.7	1	43203 2612
41	42282	2.7	1	39457 2825
42	41895	2.7	1	39125 2770
43	31646	2.7	1	29721 1925
44	33405	2.7	1	31133 2272
45	33784	2.7	1	31649 2135
46	20425	2.7	1	19063 1362
47	20949	2.7	1	19852 1097
48	21423	2.7	1	20027 1396
49	19948	2.7	1	18768 1180
50	15683	2.7	1	14644 1039
51	23828	2.7	1	22272 1556
52	13118	2.7	1	12349 769
53	9414	2.7	1	8800 614
54	8539	2.7	1	7970 569
55	11154	2.7	1	10573 581
56	8763	2.7	1	8253 510
57	8150	2.7	1	7690 460
58	8268	2.7	1	7812 456
59	7322	2.7	1	6889 433
60	6666	2.7	1	6260 406
61	8478	2.7	1	8035 443
62	4260	2.7	1	3988 272
63	1898	2.7	1	1701 197
64	3397	2.7	1	3213 184
65	3698	2.7	1	3466 232
66	3326	2.7	1	3103 223
67	2988	2.7	1	2784 204
68	2777	2.7	1	2620 157
69	2671	2.7	1	2502 169
70	2482	2.7	1	2328 154
71	2251	2.7	1	2088 163
72	2056	2.7	1	1920 136
73	1938	2.7	1	1807 131
74	1743	2.7	1	1608 135
75	1626	2.7	1	1505 121
76	1601	2.7	1	1474 127
77	1454	2.7	1	1344 110
78	1292	2.7	1	1190 102
79	1187	2.7	1	1101 86
80	1131	2.7	1	1037 94
81	1023	2.7	1	927 96
82	1023	2.7	1	944 79
83	954	2.7	1	869 85
84	892	2.7	1	797 95
85	791	2.7	1	725 66
86	767	2.7	1	694 73
87	763	2.7	1	690 73
88	707	2.7	1	653 54
89	634	2.7	1	580 54
90	630	2.7	1	573 57
91	615	2.7	1	546 69
92	568	2.7	1	497 71
93	536	2.7	1	483 53
94	470	2.7	1	413 57
95	495	2.7	1	434 61
96	500	2.7	1	444 56
97	476	2.7	1	424 52
98	466	2.7	1	406 60
99	456	2.7	1	397 59
100	426	2.7	1	363 63
101	388	2.7	1	330 58
102	408	2.7	1	329 79
103	394	2.7	1	323 71
104	383	2.7	1	295 88
105	383	2.7	1	282 101
106	406	2.7	1	291 115
107	389	2.7	1	294 95
108	360	2.7	1	246 114
109	378	2.7	1	266 112
110	353	2.7	1	236 117
111	332	2.7	1	229 103
112	398	2.7	1	281 117
113	356	2.7	1	230 126
114	416	2.7	1	259 157
115	407	2.7	1	267 140
116	408	2.7	1	249 159
117	470	2.7	1	242 228
118	569	2.7	1	259 310
119	667	2.7	1	238 429
120	983	2.7	1	313 670
121	1448	2.7	1	385 1063
122	2100	2.7	1	363 1737
123	3094	2.7	1	338 2756
124	4617	2.7	1	322 4295
125	6499	2.7	1	318 6181
126	9157	2.7	1	312 8845
127	12222	2.7	1	267 11955
128	15594	2.7	1	277 15317
129	18369	2.7	1	262 18107
130	18484	2.7	1	240 18244
131	16011	2.7	1	256 15755
132	10505	2.7	1	296 10209
133	4172	2.7	1	331 3841
134	1683	2.7	1	362 1321
135	1074	2.7	1	366 708
136	1008	2.7	1	326 682
137	1234	2.7	1	361 873
138	879	2.7	1	266 613
139	797	2.7	1	265 532
140	802	2.7	1	283 519
141	765	2.7	1	261 504
142	736	2.7	1	255 481
143	632	2.7	1	191 441
144	657	2.7	1	234 423
145	586	2.7	1	283 303
146	608	2.7	1	384 224
147	425	2.7	1	238 187
148	137	2.7	1	63 74
149	1065	2.7	1	981 84
150	288	2.7	1	215 73
151	4973	2.7	1	4682 291

RUN STATISTICS FOR INPUT FILE: 00_raw_reads/WR025V9W_S23_R2.fastq.gz
=============================================
184214794 sequences processed in total

Total number of sequences analysed for the sequence pair length validation: 184214794

Number of sequence pairs removed because at least one read was shorter than the length cutoff (20 bp): 49486 (0.03%)
