
SUMMARISING RUN PARAMETERS
==========================
Input filename: 00_raw_reads/WR025V1W_S21_R2.fastq.gz
Trimming mode: paired-end
Trim Galore version: 0.6.6
Cutadapt version: 3.4
Python version: could not detect
Number of cores used for trimming: 8
Quality Phred score cutoff: 20
Quality encoding type selected: ASCII+33
Using Illumina adapter for trimming (count: 23452). Second best hit was Nextera (count: 0)
Adapter sequence: 'AGATCGGAAGAGC' (Illumina TruSeq, Sanger iPCR; auto-detected)
Maximum trimming error rate: 0.1 (default)
Minimum required adapter overlap (stringency): 1 bp
Minimum required sequence length for both reads before a sequence pair gets removed: 20 bp
All Read 1 sequences will be trimmed by 10 bp from their 5' end to avoid poor qualities or biases
All Read 2 sequences will be trimmed by 15 bp from their 5' end to avoid poor qualities or biases (e.g. M-bias for BS-Seq applications)
All Read 1 sequences will be trimmed by 10 bp from their 3' end to avoid poor qualities or biases
All Read 2 sequences will be trimmed by 10 bp from their 3' end to avoid poor qualities or biases
Output file will be GZIP compressed


This is cutadapt 3.4 with Python 3.9.6
Command line parameters: -j 8 -e 0.1 -q 20 -O 1 -a AGATCGGAAGAGC 00_raw_reads/WR025V1W_S21_R2.fastq.gz
Processing reads on 8 cores in single-end mode ...
Finished in 1240.15 s (5 µs/read; 12.29 M reads/minute).

=== Summary ===

Total reads processed:             254,046,244
Reads with adapters:               131,535,318 (51.8%)
Reads written (passing filters):   254,046,244 (100.0%)

Total basepairs processed: 38,360,982,844 bp
Quality-trimmed:              61,508,917 bp (0.2%)
Total written (filtered):  37,961,414,809 bp (99.0%)

=== Adapter 1 ===

Sequence: AGATCGGAAGAGC; Type: regular 3'; Length: 13; Trimmed: 131535318 times

No. of allowed errors:
1-9 bp: 0; 10-13 bp: 1

Bases preceding removed adapters:
  A: 54.8%
  C: 15.8%
  G: 0.9%
  T: 28.4%
  none/other: 0.0%

Overview of removed sequences
length	count	expect	max.err	error counts
1	118572680	63511561.0	0	118572680
2	983917	15877890.2	0	983917
3	794140	3969472.6	0	794140
4	632134	992368.1	0	632134
5	647590	248092.0	0	647590
6	552634	62023.0	0	552634
7	558399	15505.8	0	558399
8	637600	3876.4	0	637600
9	363893	969.1	0	362141 1752
10	561275	242.3	1	507414 53861
11	409342	60.6	1	371780 37562
12	471324	15.1	1	419587 51737
13	437013	3.8	1	394612 42401
14	457491	3.8	1	409912 47579
15	319648	3.8	1	289250 30398
16	360505	3.8	1	328037 32468
17	420590	3.8	1	383508 37082
18	210708	3.8	1	189392 21316
19	375658	3.8	1	342671 32987
20	318450	3.8	1	294763 23687
21	140496	3.8	1	126869 13627
22	243548	3.8	1	223549 19999
23	230779	3.8	1	210046 20733
24	268244	3.8	1	242763 25481
25	221480	3.8	1	205700 15780
26	161882	3.8	1	148325 13557
27	110332	3.8	1	99434 10898
28	182259	3.8	1	168016 14243
29	118931	3.8	1	109229 9702
30	133857	3.8	1	122923 10934
31	125503	3.8	1	114883 10620
32	105744	3.8	1	98777 6967
33	113540	3.8	1	104197 9343
34	104272	3.8	1	96354 7918
35	82117	3.8	1	76424 5693
36	72845	3.8	1	67269 5576
37	77073	3.8	1	71091 5982
38	63231	3.8	1	59613 3618
39	57387	3.8	1	53791 3596
40	55582	3.8	1	52224 3358
41	51878	3.8	1	48148 3730
42	53022	3.8	1	49372 3650
43	36877	3.8	1	34531 2346
44	41398	3.8	1	38431 2967
45	45473	3.8	1	42558 2915
46	23027	3.8	1	21210 1817
47	25088	3.8	1	23640 1448
48	28193	3.8	1	26117 2076
49	25472	3.8	1	23850 1622
50	19237	3.8	1	17870 1367
51	31013	3.8	1	28957 2056
52	16646	3.8	1	15521 1125
53	11674	3.8	1	10859 815
54	10732	3.8	1	9953 779
55	15328	3.8	1	14494 834
56	11220	3.8	1	10501 719
57	10889	3.8	1	10198 691
58	11190	3.8	1	10488 702
59	9853	3.8	1	9277 576
60	9102	3.8	1	8509 593
61	11324	3.8	1	10695 629
62	5337	3.8	1	4943 394
63	2518	3.8	1	2232 286
64	4713	3.8	1	4411 302
65	5069	3.8	1	4770 299
66	4731	3.8	1	4409 322
67	4435	3.8	1	4120 315
68	3929	3.8	1	3660 269
69	3796	3.8	1	3531 265
70	3465	3.8	1	3199 266
71	3106	3.8	1	2863 243
72	2923	3.8	1	2685 238
73	2843	3.8	1	2626 217
74	2658	3.8	1	2453 205
75	2501	3.8	1	2313 188
76	2243	3.8	1	2056 187
77	2073	3.8	1	1892 181
78	2022	3.8	1	1856 166
79	1770	3.8	1	1620 150
80	1739	3.8	1	1583 156
81	1607	3.8	1	1464 143
82	1480	3.8	1	1346 134
83	1518	3.8	1	1392 126
84	1404	3.8	1	1263 141
85	1379	3.8	1	1232 147
86	1257	3.8	1	1130 127
87	1183	3.8	1	1054 129
88	1116	3.8	1	1024 92
89	1034	3.8	1	929 105
90	927	3.8	1	828 99
91	926	3.8	1	809 117
92	850	3.8	1	743 107
93	891	3.8	1	788 103
94	846	3.8	1	759 87
95	869	3.8	1	773 96
96	834	3.8	1	724 110
97	820	3.8	1	740 80
98	732	3.8	1	625 107
99	723	3.8	1	605 118
100	687	3.8	1	585 102
101	682	3.8	1	564 118
102	618	3.8	1	506 112
103	636	3.8	1	523 113
104	630	3.8	1	507 123
105	628	3.8	1	470 158
106	629	3.8	1	503 126
107	580	3.8	1	428 152
108	606	3.8	1	433 173
109	570	3.8	1	437 133
110	536	3.8	1	388 148
111	552	3.8	1	366 186
112	593	3.8	1	411 182
113	563	3.8	1	395 168
114	610	3.8	1	419 191
115	583	3.8	1	384 199
116	627	3.8	1	376 251
117	706	3.8	1	384 322
118	869	3.8	1	449 420
119	1116	3.8	1	466 650
120	1398	3.8	1	461 937
121	1944	3.8	1	491 1453
122	2893	3.8	1	538 2355
123	4271	3.8	1	539 3732
124	6021	3.8	1	550 5471
125	8526	3.8	1	490 8036
126	11843	3.8	1	481 11362
127	16051	3.8	1	437 15614
128	20470	3.8	1	384 20086
129	23649	3.8	1	389 23260
130	24660	3.8	1	363 24297
131	21037	3.8	1	362 20675
132	13977	3.8	1	356 13621
133	5447	3.8	1	441 5006
134	2141	3.8	1	441 1700
135	1430	3.8	1	425 1005
136	1233	3.8	1	373 860
137	1563	3.8	1	397 1166
138	1256	3.8	1	368 888
139	1138	3.8	1	389 749
140	987	3.8	1	309 678
141	1058	3.8	1	340 718
142	1011	3.8	1	354 657
143	907	3.8	1	230 677
144	867	3.8	1	304 563
145	797	3.8	1	382 415
146	864	3.8	1	567 297
147	567	3.8	1	333 234
148	143	3.8	1	63 80
149	1575	3.8	1	1466 109
150	372	3.8	1	255 117
151	7205	3.8	1	6765 440

RUN STATISTICS FOR INPUT FILE: 00_raw_reads/WR025V1W_S21_R2.fastq.gz
=============================================
254046244 sequences processed in total

Total number of sequences analysed for the sequence pair length validation: 254046244

Number of sequence pairs removed because at least one read was shorter than the length cutoff (20 bp): 246102 (0.10%)
