
SUMMARISING RUN PARAMETERS
==========================
Input filename: 00_raw_reads/WR025V9E_S12_R2.fastq.gz
Trimming mode: paired-end
Trim Galore version: 0.6.6
Cutadapt version: 3.4
Python version: could not detect
Number of cores used for trimming: 8
Quality Phred score cutoff: 20
Quality encoding type selected: ASCII+33
Using Illumina adapter for trimming (count: 27032). Second best hit was Nextera (count: 0)
Adapter sequence: 'AGATCGGAAGAGC' (Illumina TruSeq, Sanger iPCR; auto-detected)
Maximum trimming error rate: 0.1 (default)
Minimum required adapter overlap (stringency): 1 bp
Minimum required sequence length for both reads before a sequence pair gets removed: 20 bp
Output file will be GZIP compressed


This is cutadapt 3.4 with Python 3.9.6
Command line parameters: -j 8 -e 0.1 -q 20 -O 1 -a AGATCGGAAGAGC 00_raw_reads/WR025V9E_S12_R2.fastq.gz
Processing reads on 8 cores in single-end mode ...
Finished in 1051.22 s (5 µs/read; 11.88 M reads/minute).

=== Summary ===

Total reads processed:             208,061,938
Reads with adapters:               106,878,269 (51.4%)
Reads written (passing filters):   208,061,938 (100.0%)

Total basepairs processed: 31,417,352,638 bp
Quality-trimmed:              65,460,828 bp (0.2%)
Total written (filtered):  30,982,771,671 bp (98.6%)

=== Adapter 1 ===

Sequence: AGATCGGAAGAGC; Type: regular 3'; Length: 13; Trimmed: 106878269 times

No. of allowed errors:
1-9 bp: 0; 10-13 bp: 1

Bases preceding removed adapters:
  A: 56.5%
  C: 15.5%
  G: 1.0%
  T: 27.0%
  none/other: 0.0%

Overview of removed sequences
length	count	expect	max.err	error counts
1	98357626	52015484.5	0	98357626
2	444642	13003871.1	0	444642
3	277764	3250967.8	0	277764
4	197094	812741.9	0	197094
5	196559	203185.5	0	196559
6	165443	50796.4	0	165443
7	174238	12699.1	0	174238
8	205983	3174.8	0	205983
9	107096	793.7	0	105950 1146
10	191152	198.4	1	168536 22616
11	138218	49.6	1	121975 16243
12	169513	12.4	1	144362 25151
13	163979	3.1	1	140992 22987
14	176679	3.1	1	151014 25665
15	132240	3.1	1	114293 17947
16	153309	3.1	1	132910 20399
17	183710	3.1	1	159678 24032
18	100375	3.1	1	86233 14142
19	176655	3.1	1	153875 22780
20	164794	3.1	1	145737 19057
21	74173	3.1	1	64061 10112
22	132688	3.1	1	116357 16331
23	133994	3.1	1	116451 17543
24	173605	3.1	1	151067 22538
25	154706	3.1	1	137388 17318
26	111167	3.1	1	97835 13332
27	68680	3.1	1	58806 9874
28	155177	3.1	1	138023 17154
29	81721	3.1	1	71015 10706
30	138863	3.1	1	122772 16091
31	88992	3.1	1	77899 11093
32	123607	3.1	1	110559 13048
33	104702	3.1	1	92970 11732
34	104411	3.1	1	92802 11609
35	107536	3.1	1	94406 13130
36	105536	3.1	1	94762 10774
37	91129	3.1	1	80858 10271
38	104551	3.1	1	94429 10122
39	80984	3.1	1	72461 8523
40	102445	3.1	1	91205 11240
41	88772	3.1	1	80296 8476
42	97819	3.1	1	87906 9913
43	82744	3.1	1	74213 8531
44	82001	3.1	1	73971 8030
45	93256	3.1	1	83630 9626
46	89138	3.1	1	80596 8542
47	81726	3.1	1	73959 7767
48	70110	3.1	1	63375 6735
49	82012	3.1	1	73183 8829
50	73000	3.1	1	66688 6312
51	72125	3.1	1	65409 6716
52	73137	3.1	1	66693 6444
53	71729	3.1	1	64776 6953
54	79129	3.1	1	71615 7514
55	57891	3.1	1	52300 5591
56	70641	3.1	1	63923 6718
57	79597	3.1	1	72603 6994
58	50621	3.1	1	45635 4986
59	56947	3.1	1	52032 4915
60	63951	3.1	1	57953 5998
61	64008	3.1	1	58579 5429
62	49898	3.1	1	45347 4551
63	87755	3.1	1	80437 7318
64	53618	3.1	1	49104 4514
65	36850	3.1	1	33599 3251
66	38447	3.1	1	35086 3361
67	55902	3.1	1	51608 4294
68	45325	3.1	1	41608 3717
69	46730	3.1	1	42877 3853
70	53252	3.1	1	49195 4057
71	48511	3.1	1	44777 3734
72	46593	3.1	1	42933 3660
73	61115	3.1	1	56644 4471
74	27992	3.1	1	25686 2306
75	14590	3.1	1	13106 1484
76	29464	3.1	1	27230 2234
77	32807	3.1	1	30277 2530
78	31557	3.1	1	29177 2380
79	31117	3.1	1	28744 2373
80	29129	3.1	1	26975 2154
81	27558	3.1	1	25445 2113
82	26600	3.1	1	24606 1994
83	24933	3.1	1	23085 1848
84	23386	3.1	1	21639 1747
85	22486	3.1	1	20863 1623
86	20952	3.1	1	19417 1535
87	19394	3.1	1	17947 1447
88	18258	3.1	1	16906 1352
89	17003	3.1	1	15829 1174
90	15980	3.1	1	14859 1121
91	14510	3.1	1	13524 986
92	13604	3.1	1	12632 972
93	12374	3.1	1	11530 844
94	11289	3.1	1	10522 767
95	10287	3.1	1	9510 777
96	9519	3.1	1	8858 661
97	8657	3.1	1	8026 631
98	7782	3.1	1	7193 589
99	7175	3.1	1	6683 492
100	6206	3.1	1	5742 464
101	5575	3.1	1	5159 416
102	4945	3.1	1	4596 349
103	4402	3.1	1	4068 334
104	3888	3.1	1	3597 291
105	3405	3.1	1	3141 264
106	2944	3.1	1	2715 229
107	2624	3.1	1	2404 220
108	2287	3.1	1	2088 199
109	1902	3.1	1	1719 183
110	1634	3.1	1	1483 151
111	1402	3.1	1	1270 132
112	1267	3.1	1	1123 144
113	1040	3.1	1	928 112
114	866	3.1	1	772 94
115	797	3.1	1	679 118
116	597	3.1	1	519 78
117	582	3.1	1	499 83
118	479	3.1	1	411 68
119	433	3.1	1	356 77
120	499	3.1	1	417 82
121	283	3.1	1	230 53
122	261	3.1	1	198 63
123	194	3.1	1	146 48
124	186	3.1	1	139 47
125	143	3.1	1	104 39
126	154	3.1	1	119 35
127	106	3.1	1	82 24
128	113	3.1	1	80 33
129	86	3.1	1	57 29
130	72	3.1	1	52 20
131	65	3.1	1	53 12
132	56	3.1	1	44 12
133	41	3.1	1	32 9
134	30	3.1	1	25 5
135	22	3.1	1	16 6
136	27	3.1	1	21 6
137	16	3.1	1	12 4
138	13	3.1	1	10 3
139	17	3.1	1	12 5
140	6	3.1	1	3 3
141	8	3.1	1	5 3
142	7	3.1	1	2 5
143	6	3.1	1	3 3
144	12	3.1	1	4 8
145	15	3.1	1	6 9
146	11	3.1	1	0 11
147	12	3.1	1	6 6
148	10	3.1	1	3 7
149	7	3.1	1	2 5
150	10	3.1	1	0 10
151	17	3.1	1	3 14

RUN STATISTICS FOR INPUT FILE: 00_raw_reads/WR025V9E_S12_R2.fastq.gz
=============================================
208061938 sequences processed in total

Total number of sequences analysed for the sequence pair length validation: 208061938

Number of sequence pairs removed because at least one read was shorter than the length cutoff (20 bp): 14963 (0.01%)
