
SUMMARISING RUN PARAMETERS
==========================
Input filename: 00_raw_reads/WR025V1E_S2_R2.fastq.gz
Trimming mode: paired-end
Trim Galore version: 0.6.6
Cutadapt version: 3.4
Python version: could not detect
Number of cores used for trimming: 8
Quality Phred score cutoff: 20
Quality encoding type selected: ASCII+33
Using Illumina adapter for trimming (count: 21469). Second best hit was smallRNA (count: 0)
Adapter sequence: 'AGATCGGAAGAGC' (Illumina TruSeq, Sanger iPCR; auto-detected)
Maximum trimming error rate: 0.1 (default)
Minimum required adapter overlap (stringency): 1 bp
Minimum required sequence length for both reads before a sequence pair gets removed: 20 bp
Output file will be GZIP compressed


This is cutadapt 3.4 with Python 3.9.6
Command line parameters: -j 8 -e 0.1 -q 20 -O 1 -a AGATCGGAAGAGC 00_raw_reads/WR025V1E_S2_R2.fastq.gz
Processing reads on 8 cores in single-end mode ...
Finished in 1824.43 s (5 µs/read; 11.85 M reads/minute).

=== Summary ===

Total reads processed:             360,455,959
Reads with adapters:               182,288,393 (50.6%)
Reads written (passing filters):   360,455,959 (100.0%)

Total basepairs processed: 54,428,849,809 bp
Quality-trimmed:             129,361,544 bp (0.2%)
Total written (filtered):  53,750,463,607 bp (98.8%)

=== Adapter 1 ===

Sequence: AGATCGGAAGAGC; Type: regular 3'; Length: 13; Trimmed: 182288393 times

No. of allowed errors:
1-9 bp: 0; 10-13 bp: 1

Bases preceding removed adapters:
  A: 56.6%
  C: 15.6%
  G: 1.0%
  T: 26.8%
  none/other: 0.0%

Overview of removed sequences
length	count	expect	max.err	error counts
1	170355440	90113989.8	0	170355440
2	838536	22528497.4	0	838536
3	439143	5632124.4	0	439143
4	268060	1408031.1	0	268060
5	259175	352007.8	0	259175
6	216343	88001.9	0	216343
7	221875	22000.5	0	221875
8	261373	5500.1	0	261373
9	154156	1375.0	0	152810 1346
10	243425	343.8	1	216601 26824
11	187876	85.9	1	168184 19692
12	219073	21.5	1	189235 29838
13	218414	5.4	1	190252 28162
14	222407	5.4	1	192823 29584
15	177977	5.4	1	156602 21375
16	212406	5.4	1	186572 25834
17	207998	5.4	1	181987 26011
18	164651	5.4	1	145042 19609
19	199368	5.4	1	175498 23870
20	235584	5.4	1	210149 25435
21	121295	5.4	1	106870 14425
22	177680	5.4	1	157966 19714
23	178238	5.4	1	157584 20654
24	202794	5.4	1	178155 24639
25	197856	5.4	1	177091 20765
26	159804	5.4	1	141960 17844
27	126055	5.4	1	110547 15508
28	188940	5.4	1	168747 20193
29	134349	5.4	1	119610 14739
30	153620	5.4	1	136964 16656
31	158311	5.4	1	140698 17613
32	154995	5.4	1	140134 14861
33	137528	5.4	1	123293 14235
34	155447	5.4	1	137669 17778
35	159133	5.4	1	143050 16083
36	145370	5.4	1	131150 14220
37	144266	5.4	1	131138 13128
38	125949	5.4	1	113525 12424
39	114619	5.4	1	103432 11187
40	146113	5.4	1	133737 12376
41	110085	5.4	1	99651 10434
42	129810	5.4	1	118057 11753
43	123124	5.4	1	111775 11349
44	115882	5.4	1	105636 10246
45	125732	5.4	1	114137 11595
46	126321	5.4	1	114913 11408
47	109104	5.4	1	99650 9454
48	105835	5.4	1	96124 9711
49	114160	5.4	1	103260 10900
50	103757	5.4	1	95367 8390
51	100312	5.4	1	91977 8335
52	103402	5.4	1	94931 8471
53	101482	5.4	1	92690 8792
54	108913	5.4	1	99624 9289
55	84988	5.4	1	77730 7258
56	100156	5.4	1	91447 8709
57	117336	5.4	1	107964 9372
58	67615	5.4	1	61596 6019
59	81378	5.4	1	75060 6318
60	89686	5.4	1	82213 7473
61	89341	5.4	1	82284 7057
62	73286	5.4	1	67273 6013
63	124826	5.4	1	115223 9603
64	74456	5.4	1	68649 5807
65	55817	5.4	1	51189 4628
66	54003	5.4	1	49634 4369
67	79164	5.4	1	73628 5536
68	66349	5.4	1	61192 5157
69	66432	5.4	1	61409 5023
70	72813	5.4	1	67814 4999
71	68400	5.4	1	63519 4881
72	67275	5.4	1	62241 5034
73	86991	5.4	1	81160 5831
74	43060	5.4	1	39814 3246
75	21421	5.4	1	19398 2023
76	40805	5.4	1	37940 2865
77	46411	5.4	1	43112 3299
78	45369	5.4	1	42289 3080
79	43687	5.4	1	40649 3038
80	41267	5.4	1	38266 3001
81	39262	5.4	1	36605 2657
82	37352	5.4	1	34683 2669
83	35393	5.4	1	32918 2475
84	33231	5.4	1	30844 2387
85	31887	5.4	1	29637 2250
86	29931	5.4	1	27856 2075
87	27932	5.4	1	25985 1947
88	26076	5.4	1	24258 1818
89	24294	5.4	1	22557 1737
90	22734	5.4	1	21126 1608
91	21029	5.4	1	19551 1478
92	19489	5.4	1	18092 1397
93	17913	5.4	1	16670 1243
94	16184	5.4	1	15062 1122
95	14851	5.4	1	13794 1057
96	13505	5.4	1	12521 984
97	12355	5.4	1	11438 917
98	11170	5.4	1	10346 824
99	10282	5.4	1	9522 760
100	9302	5.4	1	8592 710
101	8216	5.4	1	7601 615
102	7345	5.4	1	6784 561
103	6550	5.4	1	6004 546
104	5694	5.4	1	5201 493
105	5117	5.4	1	4663 454
106	4457	5.4	1	4065 392
107	3935	5.4	1	3555 380
108	3406	5.4	1	3086 320
109	3081	5.4	1	2762 319
110	2662	5.4	1	2375 287
111	2354	5.4	1	2065 289
112	2042	5.4	1	1785 257
113	1691	5.4	1	1482 209
114	1474	5.4	1	1254 220
115	1343	5.4	1	1140 203
116	1127	5.4	1	944 183
117	953	5.4	1	772 181
118	811	5.4	1	672 139
119	725	5.4	1	582 143
120	1030	5.4	1	861 169
121	624	5.4	1	504 120
122	478	5.4	1	384 94
123	422	5.4	1	331 91
124	356	5.4	1	252 104
125	307	5.4	1	228 79
126	312	5.4	1	242 70
127	274	5.4	1	188 86
128	240	5.4	1	186 54
129	186	5.4	1	137 49
130	166	5.4	1	119 47
131	177	5.4	1	143 34
132	99	5.4	1	79 20
133	102	5.4	1	83 19
134	73	5.4	1	61 12
135	80	5.4	1	59 21
136	48	5.4	1	32 16
137	39	5.4	1	32 7
138	39	5.4	1	33 6
139	41	5.4	1	28 13
140	25	5.4	1	12 13
141	16	5.4	1	5 11
142	14	5.4	1	4 10
143	19	5.4	1	4 15
144	19	5.4	1	4 15
145	17	5.4	1	4 13
146	21	5.4	1	4 17
147	28	5.4	1	4 24
148	12	5.4	1	1 11
149	22	5.4	1	4 18
150	23	5.4	1	2 21
151	36	5.4	1	3 33

RUN STATISTICS FOR INPUT FILE: 00_raw_reads/WR025V1E_S2_R2.fastq.gz
=============================================
360455959 sequences processed in total

Total number of sequences analysed for the sequence pair length validation: 360455959

Number of sequence pairs removed because at least one read was shorter than the length cutoff (20 bp): 34210 (0.01%)
