
SUMMARISING RUN PARAMETERS
==========================
Input filename: 00_raw_reads/WR025V1W_S21_R1.fastq.gz
Trimming mode: paired-end
Trim Galore version: 0.6.6
Cutadapt version: 3.4
Python version: could not detect
Number of cores used for trimming: 8
Quality Phred score cutoff: 20
Quality encoding type selected: ASCII+33
Using Illumina adapter for trimming (count: 23452). Second best hit was Nextera (count: 0)
Adapter sequence: 'AGATCGGAAGAGC' (Illumina TruSeq, Sanger iPCR; auto-detected)
Maximum trimming error rate: 0.1 (default)
Minimum required adapter overlap (stringency): 1 bp
Minimum required sequence length for both reads before a sequence pair gets removed: 20 bp
All Read 1 sequences will be trimmed by 10 bp from their 5' end to avoid poor qualities or biases
All Read 2 sequences will be trimmed by 15 bp from their 5' end to avoid poor qualities or biases (e.g. M-bias for BS-Seq applications)
All Read 1 sequences will be trimmed by 10 bp from their 3' end to avoid poor qualities or biases
All Read 2 sequences will be trimmed by 10 bp from their 3' end to avoid poor qualities or biases
Output file will be GZIP compressed


This is cutadapt 3.4 with Python 3.9.6
Command line parameters: -j 8 -e 0.1 -q 20 -O 1 -a AGATCGGAAGAGC 00_raw_reads/WR025V1W_S21_R1.fastq.gz
Processing reads on 8 cores in single-end mode ...
Finished in 1330.54 s (5 µs/read; 11.46 M reads/minute).

=== Summary ===

Total reads processed:             254,046,244
Reads with adapters:               101,951,617 (40.1%)
Reads written (passing filters):   254,046,244 (100.0%)

Total basepairs processed: 38,360,982,844 bp
Quality-trimmed:              36,878,485 bp (0.1%)
Total written (filtered):  38,003,507,338 bp (99.1%)

=== Adapter 1 ===

Sequence: AGATCGGAAGAGC; Type: regular 3'; Length: 13; Trimmed: 101951617 times

No. of allowed errors:
1-9 bp: 0; 10-13 bp: 1

Bases preceding removed adapters:
  A: 30.3%
  C: 12.2%
  G: 14.1%
  T: 43.3%
  none/other: 0.0%

Overview of removed sequences
length	count	expect	max.err	error counts
1	67444751	63511561.0	0	67444751
2	15386976	15877890.2	0	15386976
3	6048847	3969472.6	0	6048847
4	2454336	992368.1	0	2454336
5	674939	248092.0	0	674939
6	646709	62023.0	0	646709
7	503031	15505.8	0	503031
8	587968	3876.4	0	587968
9	510898	969.1	0	507224 3674
10	466780	242.3	1	447496 19284
11	533676	60.6	1	494297 39379
12	474082	15.1	1	452288 21794
13	389414	3.8	1	371030 18384
14	411163	3.8	1	383059 28104
15	389455	3.8	1	370764 18691
16	350279	3.8	1	325386 24893
17	387214	3.8	1	356747 30467
18	428967	3.8	1	412609 16358
19	146508	3.8	1	138729 7779
20	280016	3.8	1	265942 14074
21	282771	3.8	1	268455 14316
22	213365	3.8	1	204846 8519
23	259605	3.8	1	245329 14276
24	202806	3.8	1	185579 17227
25	228305	3.8	1	217103 11202
26	135721	3.8	1	129724 5997
27	176503	3.8	1	166295 10208
28	156658	3.8	1	148501 8157
29	153188	3.8	1	141583 11605
30	184613	3.8	1	176770 7843
31	63961	3.8	1	60767 3194
32	119228	3.8	1	113605 5623
33	101381	3.8	1	95166 6215
34	94277	3.8	1	89899 4378
35	102563	3.8	1	94460 8103
36	76787	3.8	1	72833 3954
37	82612	3.8	1	79190 3422
38	52128	3.8	1	49756 2372
39	61223	3.8	1	58602 2621
40	60455	3.8	1	56475 3980
41	47091	3.8	1	45441 1650
42	52039	3.8	1	49242 2797
43	53810	3.8	1	49123 4687
44	32413	3.8	1	30526 1887
45	57816	3.8	1	55173 2643
46	11092	3.8	1	10210 882
47	31571	3.8	1	29587 1984
48	112588	3.8	1	108524 4064
49	41291	3.8	1	39851 1440
50	6417	3.8	1	5986 431
51	11156	3.8	1	10609 547
52	9022	3.8	1	8643 379
53	6756	3.8	1	6369 387
54	23207	3.8	1	22446 761
55	5204	3.8	1	4770 434
56	2479	3.8	1	2313 166
57	9198	3.8	1	8673 525
58	2194	3.8	1	2028 166
59	1244	3.8	1	1127 117
60	4341	3.8	1	4111 230
61	1170	3.8	1	1063 107
62	4101	3.8	1	3945 156
63	4564	3.8	1	4335 229
64	1443	3.8	1	1341 102
65	954	3.8	1	874 80
66	3316	3.8	1	3199 117
67	1239	3.8	1	1151 88
68	2853	3.8	1	2705 148
69	3352	3.8	1	3182 170
70	4950	3.8	1	4707 243
71	2549	3.8	1	2405 144
72	1080	3.8	1	993 87
73	825	3.8	1	779 46
74	1077	3.8	1	1014 63
75	1592	3.8	1	1503 89
76	1914	3.8	1	1795 119
77	1915	3.8	1	1812 103
78	1976	3.8	1	1840 136
79	1777	3.8	1	1661 116
80	1710	3.8	1	1596 114
81	1602	3.8	1	1502 100
82	1444	3.8	1	1353 91
83	1485	3.8	1	1370 115
84	1378	3.8	1	1275 103
85	1341	3.8	1	1242 99
86	1210	3.8	1	1114 96
87	1088	3.8	1	1006 82
88	1090	3.8	1	998 92
89	1020	3.8	1	942 78
90	929	3.8	1	860 69
91	914	3.8	1	843 71
92	827	3.8	1	746 81
93	864	3.8	1	794 70
94	828	3.8	1	753 75
95	826	3.8	1	757 69
96	800	3.8	1	732 68
97	793	3.8	1	733 60
98	698	3.8	1	631 67
99	659	3.8	1	601 58
100	693	3.8	1	634 59
101	617	3.8	1	556 61
102	576	3.8	1	525 51
103	596	3.8	1	533 63
104	559	3.8	1	518 41
105	575	3.8	1	511 64
106	563	3.8	1	517 46
107	515	3.8	1	463 52
108	483	3.8	1	449 34
109	517	3.8	1	466 51
110	470	3.8	1	426 44
111	505	3.8	1	450 55
112	568	3.8	1	519 49
113	552	3.8	1	501 51
114	604	3.8	1	549 55
115	551	3.8	1	490 61
116	540	3.8	1	494 46
117	564	3.8	1	521 43
118	639	3.8	1	598 41
119	706	3.8	1	669 37
120	693	3.8	1	662 31
121	785	3.8	1	762 23
122	716	3.8	1	689 27
123	713	3.8	1	684 29
124	825	3.8	1	792 33
125	595	3.8	1	579 16
126	730	3.8	1	715 15
127	648	3.8	1	618 30
128	439	3.8	1	414 25
129	508	3.8	1	487 21
130	384	3.8	1	365 19
131	310	3.8	1	292 18
132	394	3.8	1	365 29
133	395	3.8	1	365 30
134	277	3.8	1	252 25
135	259	3.8	1	213 46
136	192	3.8	1	179 13
137	184	3.8	1	169 15
138	224	3.8	1	203 21
139	266	3.8	1	257 9
140	203	3.8	1	185 18
141	246	3.8	1	231 15
142	307	3.8	1	286 21
143	233	3.8	1	214 19
144	346	3.8	1	311 35
145	418	3.8	1	381 37
146	643	3.8	1	596 47
147	448	3.8	1	403 45
148	295	3.8	1	272 23
149	1873	3.8	1	1740 133
150	1459	3.8	1	1348 111
151	14975	3.8	1	13934 1041

RUN STATISTICS FOR INPUT FILE: 00_raw_reads/WR025V1W_S21_R1.fastq.gz
=============================================
254046244 sequences processed in total

