
SUMMARISING RUN PARAMETERS
==========================
Input filename: 00_raw_reads/WR025V9W_S23_R1.fastq.gz
Trimming mode: paired-end
Trim Galore version: 0.6.6
Cutadapt version: 3.4
Python version: could not detect
Number of cores used for trimming: 8
Quality Phred score cutoff: 20
Quality encoding type selected: ASCII+33
Using Illumina adapter for trimming (count: 26535). Second best hit was Nextera (count: 0)
Adapter sequence: 'AGATCGGAAGAGC' (Illumina TruSeq, Sanger iPCR; auto-detected)
Maximum trimming error rate: 0.1 (default)
Minimum required adapter overlap (stringency): 1 bp
Minimum required sequence length for both reads before a sequence pair gets removed: 20 bp
All Read 1 sequences will be trimmed by 10 bp from their 5' end to avoid poor qualities or biases
All Read 2 sequences will be trimmed by 15 bp from their 5' end to avoid poor qualities or biases (e.g. M-bias for BS-Seq applications)
All Read 1 sequences will be trimmed by 10 bp from their 3' end to avoid poor qualities or biases
All Read 2 sequences will be trimmed by 10 bp from their 3' end to avoid poor qualities or biases
Output file will be GZIP compressed


This is cutadapt 3.4 with Python 3.9.6
Command line parameters: -j 8 -e 0.1 -q 20 -O 1 -a AGATCGGAAGAGC 00_raw_reads/WR025V9W_S23_R1.fastq.gz
Processing reads on 8 cores in single-end mode ...
Finished in 972.44 s (5 µs/read; 11.37 M reads/minute).

=== Summary ===

Total reads processed:             184,214,794
Reads with adapters:                74,540,534 (40.5%)
Reads written (passing filters):   184,214,794 (100.0%)

Total basepairs processed: 27,816,433,894 bp
Quality-trimmed:              26,110,017 bp (0.1%)
Total written (filtered):  27,539,091,551 bp (99.0%)

=== Adapter 1 ===

Sequence: AGATCGGAAGAGC; Type: regular 3'; Length: 13; Trimmed: 74540534 times

No. of allowed errors:
1-9 bp: 0; 10-13 bp: 1

Bases preceding removed adapters:
  A: 29.8%
  C: 13.8%
  G: 13.8%
  T: 42.6%
  none/other: 0.0%

Overview of removed sequences
length	count	expect	max.err	error counts
1	48466960	46053698.5	0	48466960
2	11055019	11513424.6	0	11055019
3	4416102	2878356.2	0	4416102
4	1813411	719589.0	0	1813411
5	553600	179897.3	0	553600
6	530258	44974.3	0	530258
7	417902	11243.6	0	417902
8	482835	2810.9	0	482835
9	429249	702.7	0	426665 2584
10	388814	175.7	1	373594 15220
11	444131	43.9	1	411858 32273
12	397923	11.0	1	380283 17640
13	317416	2.7	1	302952 14464
14	346515	2.7	1	322519 23996
15	319617	2.7	1	304641 14976
16	294575	2.7	1	274015 20560
17	320821	2.7	1	296458 24363
18	368894	2.7	1	354823 14071
19	113960	2.7	1	107968 5992
20	237643	2.7	1	225264 12379
21	232339	2.7	1	220962 11377
22	180063	2.7	1	172947 7116
23	207420	2.7	1	196036 11384
24	184146	2.7	1	168703 15443
25	177708	2.7	1	169170 8538
26	124329	2.7	1	118551 5778
27	148374	2.7	1	139978 8396
28	129463	2.7	1	123309 6154
29	127749	2.7	1	118148 9601
30	150078	2.7	1	143970 6108
31	57044	2.7	1	54173 2871
32	96061	2.7	1	91749 4312
33	87228	2.7	1	81751 5477
34	89035	2.7	1	83059 5976
35	99580	2.7	1	96085 3495
36	29207	2.7	1	27674 1533
37	61644	2.7	1	58185 3459
38	63840	2.7	1	60184 3656
39	43025	2.7	1	41349 1676
40	48014	2.7	1	45605 2409
41	40933	2.7	1	38723 2210
42	43707	2.7	1	41361 2346
43	49316	2.7	1	46465 2851
44	15569	2.7	1	14684 885
45	47297	2.7	1	45271 2026
46	6721	2.7	1	6330 391
47	23566	2.7	1	22392 1174
48	25526	2.7	1	24350 1176
49	14092	2.7	1	13588 504
50	18373	2.7	1	17315 1058
51	16599	2.7	1	15779 820
52	13252	2.7	1	12682 570
53	13034	2.7	1	12380 654
54	12863	2.7	1	11985 878
55	14599	2.7	1	13988 611
56	4920	2.7	1	4691 229
57	9539	2.7	1	9069 470
58	10456	2.7	1	10087 369
59	3346	2.7	1	3143 203
60	7421	2.7	1	7126 295
61	4493	2.7	1	4298 195
62	5249	2.7	1	4977 272
63	5672	2.7	1	5414 258
64	4765	2.7	1	4588 177
65	2750	2.7	1	2612 138
66	3523	2.7	1	3373 150
67	3513	2.7	1	3350 163
68	3760	2.7	1	3578 182
69	3142	2.7	1	2981 161
70	5254	2.7	1	4989 265
71	800	2.7	1	731 69
72	680	2.7	1	625 55
73	1118	2.7	1	1065 53
74	1418	2.7	1	1346 72
75	1549	2.7	1	1472 77
76	1595	2.7	1	1508 87
77	1451	2.7	1	1356 95
78	1308	2.7	1	1225 83
79	1209	2.7	1	1125 84
80	1168	2.7	1	1094 74
81	1067	2.7	1	1009 58
82	1054	2.7	1	972 82
83	932	2.7	1	880 52
84	884	2.7	1	816 68
85	788	2.7	1	743 45
86	747	2.7	1	697 50
87	780	2.7	1	721 59
88	690	2.7	1	646 44
89	647	2.7	1	611 36
90	629	2.7	1	586 43
91	616	2.7	1	569 47
92	563	2.7	1	527 36
93	550	2.7	1	504 46
94	471	2.7	1	424 47
95	486	2.7	1	448 38
96	502	2.7	1	462 40
97	470	2.7	1	424 46
98	461	2.7	1	420 41
99	435	2.7	1	401 34
100	408	2.7	1	377 31
101	366	2.7	1	340 26
102	406	2.7	1	374 32
103	381	2.7	1	342 39
104	342	2.7	1	314 28
105	349	2.7	1	314 35
106	336	2.7	1	300 36
107	365	2.7	1	328 37
108	299	2.7	1	270 29
109	352	2.7	1	317 35
110	300	2.7	1	272 28
111	330	2.7	1	302 28
112	400	2.7	1	368 32
113	392	2.7	1	364 28
114	438	2.7	1	410 28
115	425	2.7	1	388 37
116	419	2.7	1	391 28
117	381	2.7	1	352 29
118	431	2.7	1	408 23
119	436	2.7	1	412 24
120	512	2.7	1	493 19
121	653	2.7	1	626 27
122	508	2.7	1	485 23
123	497	2.7	1	478 19
124	562	2.7	1	550 12
125	431	2.7	1	416 15
126	528	2.7	1	515 13
127	396	2.7	1	379 17
128	334	2.7	1	322 12
129	354	2.7	1	341 13
130	265	2.7	1	245 20
131	207	2.7	1	193 14
132	287	2.7	1	265 22
133	295	2.7	1	270 25
134	225	2.7	1	201 24
135	170	2.7	1	145 25
136	139	2.7	1	124 15
137	123	2.7	1	111 12
138	133	2.7	1	120 13
139	180	2.7	1	163 17
140	187	2.7	1	171 16
141	164	2.7	1	148 16
142	209	2.7	1	203 6
143	189	2.7	1	175 14
144	260	2.7	1	238 22
145	316	2.7	1	287 29
146	458	2.7	1	424 34
147	315	2.7	1	279 36
148	232	2.7	1	217 15
149	1258	2.7	1	1182 76
150	1260	2.7	1	1183 77
151	11021	2.7	1	10337 684

RUN STATISTICS FOR INPUT FILE: 00_raw_reads/WR025V9W_S23_R1.fastq.gz
=============================================
184214794 sequences processed in total

