
SUMMARISING RUN PARAMETERS
==========================
Input filename: 00_raw_reads/WR025V9E_S12_R1.fastq.gz
Trimming mode: paired-end
Trim Galore version: 0.6.6
Cutadapt version: 3.4
Python version: could not detect
Number of cores used for trimming: 8
Quality Phred score cutoff: 20
Quality encoding type selected: ASCII+33
Using Illumina adapter for trimming (count: 27032). Second best hit was Nextera (count: 0)
Adapter sequence: 'AGATCGGAAGAGC' (Illumina TruSeq, Sanger iPCR; auto-detected)
Maximum trimming error rate: 0.1 (default)
Minimum required adapter overlap (stringency): 1 bp
Minimum required sequence length for both reads before a sequence pair gets removed: 20 bp
Output file will be GZIP compressed


This is cutadapt 3.4 with Python 3.9.6
Command line parameters: -j 8 -e 0.1 -q 20 -O 1 -a AGATCGGAAGAGC 00_raw_reads/WR025V9E_S12_R1.fastq.gz
Processing reads on 8 cores in single-end mode ...
Finished in 1031.36 s (5 µs/read; 12.10 M reads/minute).

=== Summary ===

Total reads processed:             208,061,938
Reads with adapters:                83,405,069 (40.1%)
Reads written (passing filters):   208,061,938 (100.0%)

Total basepairs processed: 31,417,352,638 bp
Quality-trimmed:              37,540,452 bp (0.1%)
Total written (filtered):  31,016,845,475 bp (98.7%)

=== Adapter 1 ===

Sequence: AGATCGGAAGAGC; Type: regular 3'; Length: 13; Trimmed: 83405069 times

No. of allowed errors:
1-9 bp: 0; 10-13 bp: 1

Bases preceding removed adapters:
  A: 34.1%
  C: 0.2%
  G: 16.7%
  T: 49.0%
  none/other: 0.0%

Overview of removed sequences
length	count	expect	max.err	error counts
1	56385682	52015484.5	0	56385682
2	13124618	13003871.1	0	13124618
3	4676196	3250967.8	0	4676196
4	1751884	812741.9	0	1751884
5	199030	203185.5	0	199030
6	183049	50796.4	0	183049
7	151475	12699.1	0	151475
8	166234	3174.8	0	166234
9	160707	793.7	0	156513 4194
10	156693	198.4	1	138259 18434
11	176576	49.6	1	151906 24670
12	174511	12.4	1	155158 19353
13	135314	3.1	1	121065 14249
14	159266	3.1	1	137791 21475
15	149668	3.1	1	133673 15995
16	148290	3.1	1	127632 20658
17	163422	3.1	1	139998 23424
18	187523	3.1	1	170196 17327
19	77497	3.1	1	68202 9295
20	134787	3.1	1	119719 15068
21	141018	3.1	1	125140 15878
22	117073	3.1	1	105348 11725
23	139656	3.1	1	123648 16008
24	130126	3.1	1	110039 20087
25	136075	3.1	1	121464 14611
26	100689	3.1	1	90394 10295
27	126522	3.1	1	111482 15040
28	113365	3.1	1	101825 11540
29	122426	3.1	1	105504 16922
30	144051	3.1	1	131026 13025
31	67483	3.1	1	60085 7398
32	109832	3.1	1	99318 10514
33	101395	3.1	1	89387 12008
34	112437	3.1	1	98722 13715
35	105164	3.1	1	93149 12015
36	100996	3.1	1	91027 9969
37	92739	3.1	1	83171 9568
38	85715	3.1	1	78259 7456
39	97011	3.1	1	85659 11352
40	99371	3.1	1	88212 11159
41	83129	3.1	1	76209 6920
42	102296	3.1	1	91735 10561
43	107578	3.1	1	91985 15593
44	67059	3.1	1	58943 8116
45	131132	3.1	1	119575 11557
46	36393	3.1	1	31291 5102
47	91865	3.1	1	79422 12443
48	248072	3.1	1	228783 19289
49	57927	3.1	1	51388 6539
50	99941	3.1	1	89928 10013
51	97389	3.1	1	89233 8156
52	48212	3.1	1	44395 3817
53	56500	3.1	1	49493 7007
54	193159	3.1	1	180582 12577
55	39962	3.1	1	36679 3283
56	12255	3.1	1	9864 2391
57	82711	3.1	1	77257 5454
58	8705	3.1	1	7322 1383
59	28725	3.1	1	25964 2761
60	47065	3.1	1	43544 3521
61	6963	3.1	1	5388 1575
62	51664	3.1	1	47907 3757
63	80405	3.1	1	76007 4398
64	6459	3.1	1	5460 999
65	19634	3.1	1	17447 2187
66	47608	3.1	1	45128 2480
67	30283	3.1	1	27712 2571
68	46935	3.1	1	43241 3694
69	51183	3.1	1	46472 4711
70	96865	3.1	1	90739 6126
71	24663	3.1	1	22231 2432
72	11173	3.1	1	9967 1206
73	12325	3.1	1	11213 1112
74	23325	3.1	1	21682 1643
75	31286	3.1	1	29189 2097
76	33610	3.1	1	31393 2217
77	33202	3.1	1	30802 2400
78	31624	3.1	1	29215 2409
79	31186	3.1	1	29034 2152
80	29233	3.1	1	27154 2079
81	27836	3.1	1	25879 1957
82	26790	3.1	1	24951 1839
83	24892	3.1	1	23171 1721
84	23446	3.1	1	21808 1638
85	22250	3.1	1	20774 1476
86	20827	3.1	1	19417 1410
87	19306	3.1	1	18022 1284
88	18153	3.1	1	16949 1204
89	16904	3.1	1	15830 1074
90	15913	3.1	1	14932 981
91	14516	3.1	1	13558 958
92	13493	3.1	1	12638 855
93	12279	3.1	1	11529 750
94	11233	3.1	1	10578 655
95	10241	3.1	1	9580 661
96	9478	3.1	1	8867 611
97	8589	3.1	1	8060 529
98	7679	3.1	1	7206 473
99	6931	3.1	1	6500 431
100	6001	3.1	1	5612 389
101	5458	3.1	1	5132 326
102	4899	3.1	1	4578 321
103	4373	3.1	1	4082 291
104	3849	3.1	1	3596 253
105	3381	3.1	1	3166 215
106	2917	3.1	1	2678 239
107	2540	3.1	1	2371 169
108	2233	3.1	1	2055 178
109	1862	3.1	1	1709 153
110	1580	3.1	1	1422 158
111	1362	3.1	1	1242 120
112	1210	3.1	1	1085 125
113	967	3.1	1	870 97
114	839	3.1	1	741 98
115	749	3.1	1	656 93
116	562	3.1	1	484 78
117	531	3.1	1	460 71
118	433	3.1	1	364 69
119	357	3.1	1	294 63
120	458	3.1	1	402 56
121	247	3.1	1	198 49
122	227	3.1	1	176 51
123	161	3.1	1	120 41
124	158	3.1	1	113 45
125	145	3.1	1	87 58
126	131	3.1	1	89 42
127	98	3.1	1	63 35
128	93	3.1	1	60 33
129	74	3.1	1	42 32
130	69	3.1	1	38 31
131	64	3.1	1	40 24
132	55	3.1	1	29 26
133	55	3.1	1	33 22
134	37	3.1	1	19 18
135	36	3.1	1	13 23
136	36	3.1	1	17 19
137	22	3.1	1	8 14
138	24	3.1	1	8 16
139	26	3.1	1	9 17
140	17	3.1	1	2 15
141	19	3.1	1	6 13
142	14	3.1	1	2 12
143	25	3.1	1	4 21
144	31	3.1	1	5 26
145	35	3.1	1	6 29
146	17	3.1	1	1 16
147	26	3.1	1	7 19
148	20	3.1	1	3 17
149	35	3.1	1	2 33
150	29	3.1	1	0 29
151	459	3.1	1	2 457

RUN STATISTICS FOR INPUT FILE: 00_raw_reads/WR025V9E_S12_R1.fastq.gz
=============================================
208061938 sequences processed in total

