
SUMMARISING RUN PARAMETERS
==========================
Input filename: 00_raw_reads/WR025V1E_S2_R1.fastq.gz
Trimming mode: paired-end
Trim Galore version: 0.6.6
Cutadapt version: 3.4
Python version: could not detect
Number of cores used for trimming: 8
Quality Phred score cutoff: 20
Quality encoding type selected: ASCII+33
Using Illumina adapter for trimming (count: 21469). Second best hit was Nextera (count: 0)
Adapter sequence: 'AGATCGGAAGAGC' (Illumina TruSeq, Sanger iPCR; auto-detected)
Maximum trimming error rate: 0.1 (default)
Minimum required adapter overlap (stringency): 1 bp
Minimum required sequence length for both reads before a sequence pair gets removed: 20 bp
Output file will be GZIP compressed


This is cutadapt 3.4 with Python 3.9.6
Command line parameters: -j 8 -e 0.1 -q 20 -O 1 -a AGATCGGAAGAGC 00_raw_reads/WR025V1E_S2_R1.fastq.gz
Processing reads on 8 cores in single-end mode ...
Finished in 1727.15 s (5 µs/read; 12.52 M reads/minute).

=== Summary ===

Total reads processed:             360,455,959
Reads with adapters:               142,101,507 (39.4%)
Reads written (passing filters):   360,455,959 (100.0%)

Total basepairs processed: 54,428,849,809 bp
Quality-trimmed:              69,792,019 bp (0.1%)
Total written (filtered):  53,819,449,089 bp (98.9%)

=== Adapter 1 ===

Sequence: AGATCGGAAGAGC; Type: regular 3'; Length: 13; Trimmed: 142101507 times

No. of allowed errors:
1-9 bp: 0; 10-13 bp: 1

Bases preceding removed adapters:
  A: 34.1%
  C: 0.2%
  G: 16.8%
  T: 49.0%
  none/other: 0.0%

Overview of removed sequences
length	count	expect	max.err	error counts
1	97804875	90113989.8	0	97804875
2	23089790	22528497.4	0	23089790
3	8092392	5632124.4	0	8092392
4	2936464	1408031.1	0	2936464
5	263747	352007.8	0	263747
6	245858	88001.9	0	245858
7	198968	22000.5	0	198968
8	216135	5500.1	0	216135
9	213511	1375.0	0	207202 6309
10	204837	343.8	1	180007 24830
11	233143	85.9	1	200966 32177
12	230157	21.5	1	206339 23818
13	176439	5.4	1	158870 17569
14	208180	5.4	1	181249 26931
15	198517	5.4	1	178444 20073
16	194056	5.4	1	168604 25452
17	215221	5.4	1	185839 29382
18	250554	5.4	1	228605 21949
19	98886	5.4	1	87731 11155
20	182345	5.4	1	162981 19364
21	186215	5.4	1	166779 19436
22	156551	5.4	1	142028 14523
23	182566	5.4	1	163196 19370
24	180138	5.4	1	154240 25898
25	177009	5.4	1	159235 17774
26	138984	5.4	1	125827 13157
27	170500	5.4	1	151320 19180
28	153314	5.4	1	138521 14793
29	164518	5.4	1	142746 21772
30	199756	5.4	1	182736 17020
31	89409	5.4	1	80253 9156
32	154603	5.4	1	140220 14383
33	135836	5.4	1	119925 15911
34	154570	5.4	1	135842 18728
35	141522	5.4	1	129025 12497
36	138280	5.4	1	125444 12836
37	126720	5.4	1	113946 12774
38	126016	5.4	1	114809 11207
39	126245	5.4	1	113074 13171
40	140990	5.4	1	125334 15656
41	114205	5.4	1	105205 9000
42	135240	5.4	1	121553 13687
43	158042	5.4	1	136908 21134
44	89989	5.4	1	79341 10648
45	197845	5.4	1	180844 17001
46	37619	5.4	1	31803 5816
47	127209	5.4	1	110794 16415
48	384600	5.4	1	355839 28761
49	81261	5.4	1	72587 8674
50	131338	5.4	1	118601 12737
51	131894	5.4	1	121219 10675
52	68647	5.4	1	63544 5103
53	78084	5.4	1	69168 8916
54	282287	5.4	1	265183 17104
55	52784	5.4	1	48326 4458
56	15884	5.4	1	12949 2935
57	116486	5.4	1	109038 7448
58	11153	5.4	1	9398 1755
59	29190	5.4	1	26219 2971
60	64572	5.4	1	59841 4731
61	9002	5.4	1	7061 1941
62	73120	5.4	1	68120 5000
63	114954	5.4	1	108838 6116
64	9089	5.4	1	7771 1318
65	24910	5.4	1	22267 2643
66	66255	5.4	1	62839 3416
67	41412	5.4	1	38144 3268
68	65704	5.4	1	60772 4932
69	71295	5.4	1	65155 6140
70	136669	5.4	1	128283 8386
71	38568	5.4	1	35047 3521
72	16474	5.4	1	14769 1705
73	16550	5.4	1	14999 1551
74	31378	5.4	1	29374 2004
75	42745	5.4	1	40093 2652
76	46679	5.4	1	43578 3101
77	46469	5.4	1	43284 3185
78	45353	5.4	1	42262 3091
79	43570	5.4	1	40648 2922
80	41296	5.4	1	38565 2731
81	39244	5.4	1	36666 2578
82	37335	5.4	1	34883 2452
83	35210	5.4	1	32913 2297
84	32920	5.4	1	30796 2124
85	31133	5.4	1	29065 2068
86	29491	5.4	1	27568 1923
87	27592	5.4	1	25890 1702
88	25684	5.4	1	24051 1633
89	23938	5.4	1	22441 1497
90	22342	5.4	1	21049 1293
91	20754	5.4	1	19425 1329
92	19232	5.4	1	18004 1228
93	17547	5.4	1	16489 1058
94	15896	5.4	1	14945 951
95	14651	5.4	1	13703 948
96	13261	5.4	1	12410 851
97	12106	5.4	1	11344 762
98	10895	5.4	1	10166 729
99	9874	5.4	1	9254 620
100	8968	5.4	1	8386 582
101	8015	5.4	1	7449 566
102	7200	5.4	1	6733 467
103	6364	5.4	1	5881 483
104	5536	5.4	1	5141 395
105	4951	5.4	1	4565 386
106	4295	5.4	1	3945 350
107	3723	5.4	1	3405 318
108	3257	5.4	1	2974 283
109	2927	5.4	1	2651 276
110	2495	5.4	1	2253 242
111	2236	5.4	1	1997 239
112	1864	5.4	1	1648 216
113	1565	5.4	1	1379 186
114	1287	5.4	1	1128 159
115	1180	5.4	1	1038 142
116	1008	5.4	1	861 147
117	805	5.4	1	670 135
118	708	5.4	1	589 119
119	590	5.4	1	481 109
120	941	5.4	1	801 140
121	513	5.4	1	401 112
122	395	5.4	1	284 111
123	329	5.4	1	246 83
124	278	5.4	1	186 92
125	266	5.4	1	176 90
126	253	5.4	1	173 80
127	193	5.4	1	126 67
128	204	5.4	1	127 77
129	155	5.4	1	95 60
130	147	5.4	1	91 56
131	151	5.4	1	97 54
132	110	5.4	1	71 39
133	102	5.4	1	63 39
134	74	5.4	1	45 29
135	95	5.4	1	58 37
136	71	5.4	1	28 43
137	71	5.4	1	30 41
138	56	5.4	1	28 28
139	56	5.4	1	22 34
140	51	5.4	1	13 38
141	24	5.4	1	3 21
142	41	5.4	1	4 37
143	42	5.4	1	3 39
144	47	5.4	1	2 45
145	44	5.4	1	4 40
146	36	5.4	1	7 29
147	47	5.4	1	5 42
148	36	5.4	1	1 35
149	37	5.4	1	4 33
150	56	5.4	1	4 52
151	869	5.4	1	4 865

RUN STATISTICS FOR INPUT FILE: 00_raw_reads/WR025V1E_S2_R1.fastq.gz
=============================================
360455959 sequences processed in total

