
SUMMARISING RUN PARAMETERS
==========================
Input filename: 00_raw_reads/WR069V9E_S14_R1.fastq.gz
Trimming mode: paired-end
Trim Galore version: 0.6.6
Cutadapt version: 3.4
Python version: could not detect
Number of cores used for trimming: 8
Quality Phred score cutoff: 20
Quality encoding type selected: ASCII+33
Using Illumina adapter for trimming (count: 29952). Second best hit was smallRNA (count: 0)
Adapter sequence: 'AGATCGGAAGAGC' (Illumina TruSeq, Sanger iPCR; auto-detected)
Maximum trimming error rate: 0.1 (default)
Minimum required adapter overlap (stringency): 1 bp
Minimum required sequence length for both reads before a sequence pair gets removed: 20 bp
Output file will be GZIP compressed


This is cutadapt 3.4 with Python 3.9.6
Command line parameters: -j 8 -e 0.1 -q 20 -O 1 -a AGATCGGAAGAGC 00_raw_reads/WR069V9E_S14_R1.fastq.gz
Processing reads on 8 cores in single-end mode ...
Finished in 899.86 s (5 µs/read; 11.57 M reads/minute).

=== Summary ===

Total reads processed:             173,458,772
Reads with adapters:                69,928,574 (40.3%)
Reads written (passing filters):   173,458,772 (100.0%)

Total basepairs processed: 26,192,274,572 bp
Quality-trimmed:              31,502,195 bp (0.1%)
Total written (filtered):  25,822,485,515 bp (98.6%)

=== Adapter 1 ===

Sequence: AGATCGGAAGAGC; Type: regular 3'; Length: 13; Trimmed: 69928574 times

No. of allowed errors:
1-9 bp: 0; 10-13 bp: 1

Bases preceding removed adapters:
  A: 34.1%
  C: 0.2%
  G: 16.7%
  T: 49.0%
  none/other: 0.0%

Overview of removed sequences
length	count	expect	max.err	error counts
1	46749980	43364693.0	0	46749980
2	10929929	10841173.2	0	10929929
3	3895971	2710293.3	0	3895971
4	1450494	677573.3	0	1450494
5	169604	169393.3	0	169604
6	156782	42348.3	0	156782
7	129595	10587.1	0	129595
8	144043	2646.8	0	144043
9	135978	661.7	0	131730 4248
10	135305	165.4	1	118186 17119
11	152850	41.4	1	130508 22342
12	148988	10.3	1	130760 18228
13	123316	2.6	1	108229 15087
14	134544	2.6	1	114775 19769
15	130571	2.6	1	114872 15699
16	128976	2.6	1	109342 19634
17	144123	2.6	1	121376 22747
18	164910	2.6	1	148359 16551
19	66390	2.6	1	57149 9241
20	118310	2.6	1	103621 14689
21	125122	2.6	1	109644 15478
22	103721	2.6	1	92061 11660
23	123594	2.6	1	108397 15197
24	116332	2.6	1	97086 19246
25	118846	2.6	1	104823 14023
26	90652	2.6	1	79998 10654
27	112852	2.6	1	98084 14768
28	101202	2.6	1	89637 11565
29	110421	2.6	1	93807 16614
30	130879	2.6	1	117807 13072
31	60264	2.6	1	52574 7690
32	97236	2.6	1	86381 10855
33	96254	2.6	1	83605 12649
34	92534	2.6	1	82040 10494
35	93692	2.6	1	81552 12140
36	90585	2.6	1	80757 9828
37	97136	2.6	1	85540 11596
38	95664	2.6	1	80956 14708
39	99667	2.6	1	90351 9316
40	59954	2.6	1	53217 6737
41	92770	2.6	1	82335 10435
42	100030	2.6	1	88762 11268
43	91367	2.6	1	77470 13897
44	56528	2.6	1	47867 8661
45	132078	2.6	1	119608 12470
46	23199	2.6	1	18688 4511
47	84132	2.6	1	72126 12006
48	169742	2.6	1	153818 15924
49	46442	2.6	1	39656 6786
50	107466	2.6	1	95168 12298
51	81963	2.6	1	73397 8566
52	48772	2.6	1	43950 4822
53	63670	2.6	1	54852 8818
54	189618	2.6	1	175414 14204
55	46283	2.6	1	42374 3909
56	15442	2.6	1	11870 3572
57	93711	2.6	1	87229 6482
58	11452	2.6	1	9595 1857
59	29300	2.6	1	25917 3383
60	53280	2.6	1	49044 4236
61	8848	2.6	1	6707 2141
62	55741	2.6	1	50513 5228
63	92103	2.6	1	86507 5596
64	8051	2.6	1	6696 1355
65	23916	2.6	1	20939 2977
66	50570	2.6	1	47206 3364
67	37389	2.6	1	33923 3466
68	51058	2.6	1	46432 4626
69	55416	2.6	1	49292 6124
70	101905	2.6	1	94615 7290
71	22096	2.6	1	19675 2421
72	11826	2.6	1	10453 1373
73	14440	2.6	1	12942 1498
74	26670	2.6	1	24470 2200
75	33425	2.6	1	30710 2715
76	35582	2.6	1	32599 2983
77	34886	2.6	1	31967 2919
78	34283	2.6	1	31478 2805
79	32455	2.6	1	29791 2664
80	31362	2.6	1	28705 2657
81	29843	2.6	1	27371 2472
82	28677	2.6	1	26405 2272
83	27128	2.6	1	24941 2187
84	26060	2.6	1	23971 2089
85	24387	2.6	1	22459 1928
86	22857	2.6	1	21114 1743
87	21632	2.6	1	19946 1686
88	20123	2.6	1	18541 1582
89	19110	2.6	1	17715 1395
90	17821	2.6	1	16551 1270
91	16582	2.6	1	15332 1250
92	15509	2.6	1	14396 1113
93	13805	2.6	1	12838 967
94	12933	2.6	1	12053 880
95	11670	2.6	1	10839 831
96	10774	2.6	1	10024 750
97	9702	2.6	1	8999 703
98	8980	2.6	1	8357 623
99	7993	2.6	1	7427 566
100	7136	2.6	1	6627 509
101	6405	2.6	1	5974 431
102	5632	2.6	1	5229 403
103	5023	2.6	1	4662 361
104	4500	2.6	1	4186 314
105	3969	2.6	1	3633 336
106	3448	2.6	1	3182 266
107	2939	2.6	1	2715 224
108	2558	2.6	1	2369 189
109	2253	2.6	1	2096 157
110	1920	2.6	1	1758 162
111	1658	2.6	1	1513 145
112	1359	2.6	1	1233 126
113	1125	2.6	1	1012 113
114	930	2.6	1	832 98
115	740	2.6	1	663 77
116	639	2.6	1	560 79
117	542	2.6	1	487 55
118	439	2.6	1	375 64
119	388	2.6	1	327 61
120	477	2.6	1	414 63
121	267	2.6	1	218 49
122	171	2.6	1	138 33
123	151	2.6	1	112 39
124	135	2.6	1	109 26
125	121	2.6	1	80 41
126	98	2.6	1	68 30
127	85	2.6	1	57 28
128	76	2.6	1	49 27
129	71	2.6	1	47 24
130	58	2.6	1	27 31
131	40	2.6	1	23 17
132	38	2.6	1	26 12
133	34	2.6	1	20 14
134	25	2.6	1	8 17
135	33	2.6	1	16 17
136	32	2.6	1	16 16
137	22	2.6	1	9 13
138	27	2.6	1	10 17
139	24	2.6	1	8 16
140	17	2.6	1	4 13
141	19	2.6	1	4 15
142	16	2.6	1	3 13
143	19	2.6	1	2 17
144	13	2.6	1	1 12
145	14	2.6	1	1 13
146	24	2.6	1	0 24
147	21	2.6	1	1 20
148	19	2.6	1	0 19
149	23	2.6	1	4 19
150	16	2.6	1	2 14
151	666	2.6	1	3 663

RUN STATISTICS FOR INPUT FILE: 00_raw_reads/WR069V9E_S14_R1.fastq.gz
=============================================
173458772 sequences processed in total

