
SUMMARISING RUN PARAMETERS
==========================
Input filename: 00_raw_reads/WR069V1W_S22_R2.fastq.gz
Trimming mode: paired-end
Trim Galore version: 0.6.6
Cutadapt version: 3.4
Python version: could not detect
Number of cores used for trimming: 8
Quality Phred score cutoff: 20
Quality encoding type selected: ASCII+33
Using Illumina adapter for trimming (count: 21403). Second best hit was smallRNA (count: 0)
Adapter sequence: 'AGATCGGAAGAGC' (Illumina TruSeq, Sanger iPCR; auto-detected)
Maximum trimming error rate: 0.1 (default)
Minimum required adapter overlap (stringency): 1 bp
Minimum required sequence length for both reads before a sequence pair gets removed: 20 bp
All Read 1 sequences will be trimmed by 10 bp from their 5' end to avoid poor qualities or biases
All Read 2 sequences will be trimmed by 15 bp from their 5' end to avoid poor qualities or biases (e.g. M-bias for BS-Seq applications)
All Read 1 sequences will be trimmed by 10 bp from their 3' end to avoid poor qualities or biases
All Read 2 sequences will be trimmed by 10 bp from their 3' end to avoid poor qualities or biases
Output file will be GZIP compressed


This is cutadapt 3.4 with Python 3.9.6
Command line parameters: -j 8 -e 0.1 -q 20 -O 1 -a AGATCGGAAGAGC 00_raw_reads/WR069V1W_S22_R2.fastq.gz
Processing reads on 8 cores in single-end mode ...
Finished in 1385.47 s (5 µs/read; 12.39 M reads/minute).

=== Summary ===

Total reads processed:             286,212,154
Reads with adapters:               147,934,307 (51.7%)
Reads written (passing filters):   286,212,154 (100.0%)

Total basepairs processed: 43,218,035,254 bp
Quality-trimmed:              64,566,364 bp (0.1%)
Total written (filtered):  42,788,020,126 bp (99.0%)

=== Adapter 1 ===

Sequence: AGATCGGAAGAGC; Type: regular 3'; Length: 13; Trimmed: 147934307 times

No. of allowed errors:
1-9 bp: 0; 10-13 bp: 1

Bases preceding removed adapters:
  A: 55.2%
  C: 15.8%
  G: 0.9%
  T: 28.1%
  none/other: 0.0%

Overview of removed sequences
length	count	expect	max.err	error counts
1	134800537	71553038.5	0	134800537
2	978502	17888259.6	0	978502
3	798336	4472064.9	0	798336
4	622077	1118016.2	0	622077
5	635519	279504.1	0	635519
6	541185	69876.0	0	541185
7	547669	17469.0	0	547669
8	618926	4367.3	0	618926
9	373508	1091.8	0	371763 1745
10	543175	273.0	1	493054 50121
11	416561	68.2	1	380151 36410
12	466106	17.1	1	417189 48917
13	438630	4.3	1	398033 40597
14	448759	4.3	1	402986 45773
15	322437	4.3	1	293799 28638
16	363033	4.3	1	331742 31291
17	415077	4.3	1	378901 36176
18	219994	4.3	1	199041 20953
19	369587	4.3	1	337946 31641
20	321433	4.3	1	298358 23075
21	154458	4.3	1	140435 14023
22	247074	4.3	1	227641 19433
23	235074	4.3	1	214741 20333
24	265023	4.3	1	240004 25019
25	226489	4.3	1	210853 15636
26	167315	4.3	1	153546 13769
27	121922	4.3	1	110417 11505
28	184600	4.3	1	170352 14248
29	127745	4.3	1	117749 9996
30	138009	4.3	1	127094 10915
31	133027	4.3	1	122229 10798
32	110676	4.3	1	103637 7039
33	118772	4.3	1	108960 9812
34	111345	4.3	1	102854 8491
35	85906	4.3	1	80012 5894
36	78779	4.3	1	72886 5893
37	82462	4.3	1	76185 6277
38	67856	4.3	1	64036 3820
39	62325	4.3	1	58644 3681
40	60573	4.3	1	56938 3635
41	57493	4.3	1	53475 4018
42	57137	4.3	1	53056 4081
43	42332	4.3	1	39523 2809
44	46296	4.3	1	43024 3272
45	46850	4.3	1	43642 3208
46	28840	4.3	1	26821 2019
47	29978	4.3	1	28334 1644
48	31695	4.3	1	29359 2336
49	29405	4.3	1	27494 1911
50	23165	4.3	1	21596 1569
51	36739	4.3	1	34120 2619
52	20069	4.3	1	18688 1381
53	14604	4.3	1	13595 1009
54	13640	4.3	1	12663 977
55	17980	4.3	1	17017 963
56	14368	4.3	1	13424 944
57	13704	4.3	1	12860 844
58	13560	4.3	1	12748 812
59	12305	4.3	1	11522 783
60	11889	4.3	1	11124 765
61	14980	4.3	1	14175 805
62	7830	4.3	1	7272 558
63	3562	4.3	1	3190 372
64	6046	4.3	1	5629 417
65	7103	4.3	1	6631 472
66	6569	4.3	1	6152 417
67	6051	4.3	1	5640 411
68	5830	4.3	1	5406 424
69	5530	4.3	1	5156 374
70	5064	4.3	1	4672 392
71	4848	4.3	1	4522 326
72	4475	4.3	1	4117 358
73	4318	4.3	1	3968 350
74	4143	4.3	1	3811 332
75	3984	4.3	1	3655 329
76	3646	4.3	1	3368 278
77	3429	4.3	1	3141 288
78	3243	4.3	1	2995 248
79	3046	4.3	1	2823 223
80	2942	4.3	1	2710 232
81	2720	4.3	1	2475 245
82	2583	4.3	1	2352 231
83	2452	4.3	1	2234 218
84	2460	4.3	1	2231 229
85	2349	4.3	1	2154 195
86	2231	4.3	1	2047 184
87	2089	4.3	1	1897 192
88	1996	4.3	1	1827 169
89	1943	4.3	1	1774 169
90	1832	4.3	1	1661 171
91	1824	4.3	1	1677 147
92	1702	4.3	1	1541 161
93	1699	4.3	1	1553 146
94	1589	4.3	1	1445 144
95	1488	4.3	1	1352 136
96	1466	4.3	1	1338 128
97	1482	4.3	1	1345 137
98	1367	4.3	1	1235 132
99	1344	4.3	1	1230 114
100	1339	4.3	1	1212 127
101	1338	4.3	1	1197 141
102	1256	4.3	1	1110 146
103	1258	4.3	1	1117 141
104	1273	4.3	1	1109 164
105	1154	4.3	1	1014 140
106	1180	4.3	1	1016 164
107	1093	4.3	1	926 167
108	1118	4.3	1	936 182
109	1082	4.3	1	892 190
110	1033	4.3	1	855 178
111	966	4.3	1	794 172
112	997	4.3	1	813 184
113	884	4.3	1	712 172
114	919	4.3	1	735 184
115	933	4.3	1	728 205
116	939	4.3	1	691 248
117	1029	4.3	1	728 301
118	1145	4.3	1	751 394
119	1247	4.3	1	726 521
120	1568	4.3	1	728 840
121	2139	4.3	1	786 1353
122	2942	4.3	1	772 2170
123	4183	4.3	1	709 3474
124	5908	4.3	1	739 5169
125	8535	4.3	1	706 7829
126	11691	4.3	1	664 11027
127	15480	4.3	1	616 14864
128	19678	4.3	1	556 19122
129	23534	4.3	1	541 22993
130	24512	4.3	1	520 23992
131	21342	4.3	1	465 20877
132	14319	4.3	1	473 13846
133	5552	4.3	1	514 5038
134	2285	4.3	1	531 1754
135	1473	4.3	1	489 984
136	1323	4.3	1	489 834
137	1589	4.3	1	429 1160
138	1209	4.3	1	383 826
139	1094	4.3	1	377 717
140	1104	4.3	1	382 722
141	1117	4.3	1	393 724
142	1018	4.3	1	384 634
143	973	4.3	1	344 629
144	939	4.3	1	389 550
145	997	4.3	1	550 447
146	1219	4.3	1	861 358
147	743	4.3	1	495 248
148	182	4.3	1	101 81
149	1573	4.3	1	1459 114
150	412	4.3	1	301 111
151	5706	4.3	1	5288 418

RUN STATISTICS FOR INPUT FILE: 00_raw_reads/WR069V1W_S22_R2.fastq.gz
=============================================
286212154 sequences processed in total

Total number of sequences analysed for the sequence pair length validation: 286212154

Number of sequence pairs removed because at least one read was shorter than the length cutoff (20 bp): 248427 (0.09%)
