
SUMMARISING RUN PARAMETERS
==========================
Input filename: 00_raw_reads/WR069V9W_S24_R2.fastq.gz
Trimming mode: paired-end
Trim Galore version: 0.6.6
Cutadapt version: 3.4
Python version: could not detect
Number of cores used for trimming: 8
Quality Phred score cutoff: 20
Quality encoding type selected: ASCII+33
Using Illumina adapter for trimming (count: 40195). Second best hit was smallRNA (count: 0)
Adapter sequence: 'AGATCGGAAGAGC' (Illumina TruSeq, Sanger iPCR; auto-detected)
Maximum trimming error rate: 0.1 (default)
Minimum required adapter overlap (stringency): 1 bp
Minimum required sequence length for both reads before a sequence pair gets removed: 20 bp
All Read 1 sequences will be trimmed by 10 bp from their 5' end to avoid poor qualities or biases
All Read 2 sequences will be trimmed by 15 bp from their 5' end to avoid poor qualities or biases (e.g. M-bias for BS-Seq applications)
All Read 1 sequences will be trimmed by 10 bp from their 3' end to avoid poor qualities or biases
All Read 2 sequences will be trimmed by 10 bp from their 3' end to avoid poor qualities or biases
Output file will be GZIP compressed


This is cutadapt 3.4 with Python 3.9.6
Command line parameters: -j 8 -e 0.1 -q 20 -O 1 -a AGATCGGAAGAGC 00_raw_reads/WR069V9W_S24_R2.fastq.gz
Processing reads on 8 cores in single-end mode ...
Finished in 992.91 s (6 µs/read; 10.05 M reads/minute).

=== Summary ===

Total reads processed:             166,282,895
Reads with adapters:                88,961,211 (53.5%)
Reads written (passing filters):   166,282,895 (100.0%)

Total basepairs processed: 25,108,717,145 bp
Quality-trimmed:              36,429,408 bp (0.1%)
Total written (filtered):  24,764,664,491 bp (98.6%)

=== Adapter 1 ===

Sequence: AGATCGGAAGAGC; Type: regular 3'; Length: 13; Trimmed: 88961211 times

No. of allowed errors:
1-9 bp: 0; 10-13 bp: 1

Bases preceding removed adapters:
  A: 54.1%
  C: 15.9%
  G: 0.9%
  T: 29.1%
  none/other: 0.0%

Overview of removed sequences
length	count	expect	max.err	error counts
1	75661873	41570723.8	0	75661873
2	816949	10392680.9	0	816949
3	702254	2598170.2	0	702254
4	586745	649542.6	0	586745
5	611757	162385.6	0	611757
6	529395	40596.4	0	529395
7	540299	10149.1	0	540299
8	622457	2537.3	0	622457
9	370611	634.3	0	368833 1778
10	556007	158.6	1	506703 49304
11	420979	39.6	1	385439 35540
12	483212	9.9	1	433657 49555
13	451382	2.5	1	410263 41119
14	470270	2.5	1	424301 45969
15	335984	2.5	1	306469 29515
16	384067	2.5	1	351745 32322
17	444316	2.5	1	407222 37094
18	237602	2.5	1	215720 21882
19	396464	2.5	1	363971 32493
20	358146	2.5	1	333247 24899
21	171069	2.5	1	155867 15202
22	274377	2.5	1	253403 20974
23	261650	2.5	1	239909 21741
24	295045	2.5	1	268972 26073
25	253006	2.5	1	236072 16934
26	188111	2.5	1	173427 14684
27	141514	2.5	1	128719 12795
28	209790	2.5	1	194610 15180
29	147930	2.5	1	136577 11353
30	160062	2.5	1	147981 12081
31	153330	2.5	1	141309 12021
32	129102	2.5	1	121388 7714
33	137236	2.5	1	126635 10601
34	128305	2.5	1	119233 9072
35	99014	2.5	1	92875 6139
36	90300	2.5	1	84068 6232
37	94825	2.5	1	87920 6905
38	78283	2.5	1	74078 4205
39	71671	2.5	1	67609 4062
40	70010	2.5	1	66103 3907
41	64961	2.5	1	60685 4276
42	65976	2.5	1	61811 4165
43	46985	2.5	1	44159 2826
44	51616	2.5	1	48140 3476
45	55908	2.5	1	52639 3269
46	28843	2.5	1	26823 2020
47	31897	2.5	1	30232 1665
48	34138	2.5	1	31942 2196
49	31176	2.5	1	29354 1822
50	24187	2.5	1	22712 1475
51	37286	2.5	1	35018 2268
52	20654	2.5	1	19432 1222
53	14725	2.5	1	13820 905
54	13140	2.5	1	12269 871
55	17721	2.5	1	16863 858
56	13606	2.5	1	12895 711
57	12561	2.5	1	11869 692
58	12688	2.5	1	12002 686
59	11442	2.5	1	10875 567
60	10477	2.5	1	9891 586
61	12955	2.5	1	12310 645
62	6439	2.5	1	6039 400
63	2752	2.5	1	2495 257
64	5178	2.5	1	4891 287
65	5543	2.5	1	5239 304
66	5121	2.5	1	4810 311
67	4668	2.5	1	4400 268
68	4294	2.5	1	4052 242
69	3826	2.5	1	3611 215
70	3521	2.5	1	3313 208
71	3189	2.5	1	2978 211
72	3036	2.5	1	2851 185
73	2733	2.5	1	2572 161
74	2619	2.5	1	2467 152
75	2370	2.5	1	2199 171
76	2158	2.5	1	2016 142
77	1917	2.5	1	1804 113
78	1836	2.5	1	1728 108
79	1662	2.5	1	1542 120
80	1527	2.5	1	1422 105
81	1439	2.5	1	1330 109
82	1326	2.5	1	1222 104
83	1241	2.5	1	1147 94
84	1173	2.5	1	1071 102
85	1102	2.5	1	1012 90
86	1054	2.5	1	967 87
87	990	2.5	1	895 95
88	940	2.5	1	863 77
89	886	2.5	1	802 84
90	810	2.5	1	740 70
91	814	2.5	1	737 77
92	745	2.5	1	667 78
93	681	2.5	1	615 66
94	680	2.5	1	619 61
95	609	2.5	1	548 61
96	669	2.5	1	586 83
97	608	2.5	1	531 77
98	595	2.5	1	530 65
99	528	2.5	1	455 73
100	545	2.5	1	475 70
101	530	2.5	1	455 75
102	464	2.5	1	405 59
103	446	2.5	1	395 51
104	457	2.5	1	393 64
105	446	2.5	1	363 83
106	440	2.5	1	363 77
107	431	2.5	1	324 107
108	425	2.5	1	328 97
109	402	2.5	1	294 108
110	391	2.5	1	288 103
111	386	2.5	1	298 88
112	382	2.5	1	274 108
113	421	2.5	1	304 117
114	421	2.5	1	297 124
115	402	2.5	1	262 140
116	435	2.5	1	281 154
117	525	2.5	1	287 238
118	578	2.5	1	280 298
119	717	2.5	1	335 382
120	918	2.5	1	311 607
121	1360	2.5	1	391 969
122	1874	2.5	1	360 1514
123	2760	2.5	1	361 2399
124	4000	2.5	1	363 3637
125	5703	2.5	1	367 5336
126	7690	2.5	1	316 7374
127	10445	2.5	1	273 10172
128	13338	2.5	1	273 13065
129	15700	2.5	1	271 15429
130	15971	2.5	1	252 15719
131	13945	2.5	1	187 13758
132	8993	2.5	1	254 8739
133	3547	2.5	1	315 3232
134	1387	2.5	1	314 1073
135	981	2.5	1	293 688
136	909	2.5	1	297 612
137	1053	2.5	1	294 759
138	803	2.5	1	225 578
139	748	2.5	1	253 495
140	715	2.5	1	212 503
141	661	2.5	1	218 443
142	607	2.5	1	218 389
143	617	2.5	1	185 432
144	533	2.5	1	199 334
145	492	2.5	1	266 226
146	552	2.5	1	354 198
147	401	2.5	1	235 166
148	105	2.5	1	52 53
149	949	2.5	1	885 64
150	243	2.5	1	153 90
151	4347	2.5	1	4077 270

RUN STATISTICS FOR INPUT FILE: 00_raw_reads/WR069V9W_S24_R2.fastq.gz
=============================================
166282895 sequences processed in total

Total number of sequences analysed for the sequence pair length validation: 166282895

Number of sequence pairs removed because at least one read was shorter than the length cutoff (20 bp): 161141 (0.10%)
