
SUMMARISING RUN PARAMETERS
==========================
Input filename: 00_raw_reads/WR069V1E_S4_R1.fastq.gz
Trimming mode: paired-end
Trim Galore version: 0.6.6
Cutadapt version: 3.4
Python version: could not detect
Number of cores used for trimming: 8
Quality Phred score cutoff: 20
Quality encoding type selected: ASCII+33
Using Illumina adapter for trimming (count: 15161). Second best hit was smallRNA (count: 0)
Adapter sequence: 'AGATCGGAAGAGC' (Illumina TruSeq, Sanger iPCR; auto-detected)
Maximum trimming error rate: 0.1 (default)
Minimum required adapter overlap (stringency): 1 bp
Minimum required sequence length for both reads before a sequence pair gets removed: 20 bp
Output file will be GZIP compressed


This is cutadapt 3.4 with Python 3.9.6
Command line parameters: -j 8 -e 0.1 -q 20 -O 1 -a AGATCGGAAGAGC 00_raw_reads/WR069V1E_S4_R1.fastq.gz
Processing reads on 8 cores in single-end mode ...
Finished in 3151.84 s (5 µs/read; 12.53 M reads/minute).

=== Summary ===

Total reads processed:             658,237,093
Reads with adapters:               256,292,725 (38.9%)
Reads written (passing filters):   658,237,093 (100.0%)

Total basepairs processed: 99,393,801,043 bp
Quality-trimmed:             123,727,554 bp (0.1%)
Total written (filtered):  98,453,627,050 bp (99.1%)

=== Adapter 1 ===

Sequence: AGATCGGAAGAGC; Type: regular 3'; Length: 13; Trimmed: 256292725 times

No. of allowed errors:
1-9 bp: 0; 10-13 bp: 1

Bases preceding removed adapters:
  A: 34.2%
  C: 0.2%
  G: 16.9%
  T: 48.7%
  none/other: 0.0%

Overview of removed sequences
length	count	expect	max.err	error counts
1	179601595	164559273.2	0	179601595
2	43251527	41139818.3	0	43251527
3	14931457	10284954.6	0	14931457
4	5267549	2571238.6	0	5267549
5	356596	642809.7	0	356596
6	330579	160702.4	0	330579
7	252905	40175.6	0	252905
8	276631	10043.9	0	276631
9	267809	2511.0	0	255715 12094
10	266640	627.7	1	228226 38414
11	295346	156.9	1	250392 44954
12	286443	39.2	1	253087 33356
13	232295	9.8	1	206748 25547
14	261339	9.8	1	225584 35755
15	250556	9.8	1	222918 27638
16	244358	9.8	1	210049 34309
17	274276	9.8	1	233976 40300
18	312731	9.8	1	283015 29716
19	130611	9.8	1	114519 16092
20	226886	9.8	1	200766 26120
21	238364	9.8	1	211269 27095
22	197286	9.8	1	177042 20244
23	237119	9.8	1	209697 27422
24	222451	9.8	1	187116 35335
25	228789	9.8	1	203537 25252
26	171756	9.8	1	153571 18185
27	215105	9.8	1	188685 26420
28	196088	9.8	1	175373 20715
29	208800	9.8	1	179085 29715
30	245666	9.8	1	222345 23321
31	121267	9.8	1	107767 13500
32	194407	9.8	1	174827 19580
33	178908	9.8	1	156039 22869
34	193288	9.8	1	169825 23463
35	181731	9.8	1	163994 17737
36	148609	9.8	1	134683 13926
37	182758	9.8	1	160273 22485
38	161523	9.8	1	146137 15386
39	170622	9.8	1	148306 22316
40	174396	9.8	1	156040 18356
41	147702	9.8	1	132748 14954
42	162917	9.8	1	145406 17511
43	190973	9.8	1	168199 22774
44	118180	9.8	1	104449 13731
45	240678	9.8	1	220235 20443
46	48533	9.8	1	41442 7091
47	144758	9.8	1	130089 14669
48	164425	9.8	1	148146 16279
49	113547	9.8	1	102734 10813
50	142101	9.8	1	126147 15954
51	140657	9.8	1	124612 16045
52	123777	9.8	1	112042 11735
53	125642	9.8	1	113276 12366
54	145335	9.8	1	127485 17850
55	170346	9.8	1	156634 13712
56	66713	9.8	1	58618 8095
57	145009	9.8	1	130913 14096
58	140983	9.8	1	130630 10353
59	68039	9.8	1	59828 8211
60	128160	9.8	1	118172 9988
61	72818	9.8	1	65829 6989
62	108287	9.8	1	98002 10285
63	130849	9.8	1	120152 10697
64	92872	9.8	1	85998 6874
65	70044	9.8	1	62970 7074
66	96344	9.8	1	88795 7549
67	102144	9.8	1	93733 8411
68	112209	9.8	1	102793 9416
69	106440	9.8	1	95391 11049
70	199380	9.8	1	185049 14331
71	26150	9.8	1	23049 3101
72	21648	9.8	1	19136 2512
73	39000	9.8	1	35794 3206
74	58909	9.8	1	54449 4460
75	66987	9.8	1	61948 5039
76	67425	9.8	1	62059 5366
77	65164	9.8	1	59941 5223
78	63006	9.8	1	58012 4994
79	60582	9.8	1	56034 4548
80	57792	9.8	1	53149 4643
81	55615	9.8	1	51315 4300
82	52949	9.8	1	48869 4080
83	49856	9.8	1	46032 3824
84	47326	9.8	1	43787 3539
85	44830	9.8	1	41340 3490
86	42158	9.8	1	38865 3293
87	39805	9.8	1	36744 3061
88	37160	9.8	1	34349 2811
89	34707	9.8	1	32088 2619
90	32303	9.8	1	29782 2521
91	29971	9.8	1	27650 2321
92	27817	9.8	1	25690 2127
93	25403	9.8	1	23431 1972
94	23482	9.8	1	21655 1827
95	21536	9.8	1	19843 1693
96	20023	9.8	1	18453 1570
97	18024	9.8	1	16563 1461
98	16348	9.8	1	15018 1330
99	14828	9.8	1	13552 1276
100	13502	9.8	1	12271 1231
101	12367	9.8	1	11188 1179
102	11063	9.8	1	10002 1061
103	9783	9.8	1	8858 925
104	8617	9.8	1	7690 927
105	7835	9.8	1	7043 792
106	6999	9.8	1	6172 827
107	5976	9.8	1	5287 689
108	5525	9.8	1	4845 680
109	4898	9.8	1	4292 606
110	4271	9.8	1	3702 569
111	3686	9.8	1	3150 536
112	3183	9.8	1	2660 523
113	2842	9.8	1	2393 449
114	2500	9.8	1	2047 453
115	2186	9.8	1	1762 424
116	1957	9.8	1	1516 441
117	1750	9.8	1	1323 427
118	1461	9.8	1	1133 328
119	1298	9.8	1	982 316
120	1602	9.8	1	1225 377
121	1115	9.8	1	782 333
122	955	9.8	1	662 293
123	860	9.8	1	594 266
124	727	9.8	1	504 223
125	737	9.8	1	483 254
126	658	9.8	1	419 239
127	637	9.8	1	394 243
128	511	9.8	1	343 168
129	539	9.8	1	336 203
130	444	9.8	1	291 153
131	382	9.8	1	252 130
132	336	9.8	1	226 110
133	272	9.8	1	174 98
134	231	9.8	1	148 83
135	219	9.8	1	131 88
136	164	9.8	1	89 75
137	149	9.8	1	80 69
138	139	9.8	1	61 78
139	126	9.8	1	55 71
140	108	9.8	1	32 76
141	93	9.8	1	24 69
142	65	9.8	1	9 56
143	81	9.8	1	6 75
144	81	9.8	1	13 68
145	89	9.8	1	15 74
146	94	9.8	1	3 91
147	76	9.8	1	8 68
148	84	9.8	1	3 81
149	83	9.8	1	9 74
150	108	9.8	1	2 106
151	1533	9.8	1	10 1523

RUN STATISTICS FOR INPUT FILE: 00_raw_reads/WR069V1E_S4_R1.fastq.gz
=============================================
658237093 sequences processed in total

