
SUMMARISING RUN PARAMETERS
==========================
Input filename: 00_raw_reads/WR069V1E_S4_R2.fastq.gz
Trimming mode: paired-end
Trim Galore version: 0.6.6
Cutadapt version: 3.4
Python version: could not detect
Number of cores used for trimming: 8
Quality Phred score cutoff: 20
Quality encoding type selected: ASCII+33
Using Illumina adapter for trimming (count: 15161). Second best hit was Nextera (count: 0)
Adapter sequence: 'AGATCGGAAGAGC' (Illumina TruSeq, Sanger iPCR; auto-detected)
Maximum trimming error rate: 0.1 (default)
Minimum required adapter overlap (stringency): 1 bp
Minimum required sequence length for both reads before a sequence pair gets removed: 20 bp
Output file will be GZIP compressed


This is cutadapt 3.4 with Python 3.9.6
Command line parameters: -j 8 -e 0.1 -q 20 -O 1 -a AGATCGGAAGAGC 00_raw_reads/WR069V1E_S4_R2.fastq.gz
Processing reads on 8 cores in single-end mode ...
Finished in 3519.27 s (5 µs/read; 11.22 M reads/minute).

=== Summary ===

Total reads processed:             658,237,093
Reads with adapters:               315,305,868 (47.9%)
Reads written (passing filters):   658,237,093 (100.0%)

Total basepairs processed: 99,393,801,043 bp
Quality-trimmed:             384,076,902 bp (0.4%)
Total written (filtered):  98,198,170,731 bp (98.8%)

=== Adapter 1 ===

Sequence: AGATCGGAAGAGC; Type: regular 3'; Length: 13; Trimmed: 315305868 times

No. of allowed errors:
1-9 bp: 0; 10-13 bp: 1

Bases preceding removed adapters:
  A: 55.6%
  C: 16.1%
  G: 1.2%
  T: 27.1%
  none/other: 0.0%

Overview of removed sequences
length	count	expect	max.err	error counts
1	297793182	164559273.2	0	297793182
2	2499874	41139818.3	0	2499874
3	914508	10284954.6	0	914508
4	426576	2571238.6	0	426576
5	364740	642809.7	0	364740
6	285572	160702.4	0	285572
7	299362	40175.6	0	299362
8	339906	10043.9	0	339906
9	178371	2511.0	0	175958 2413
10	327820	627.7	1	289349 38471
11	226866	156.9	1	201357 25509
12	274508	39.2	1	235289 39219
13	285053	9.8	1	244384 40669
14	300300	9.8	1	256636 43664
15	220556	9.8	1	191603 28953
16	257347	9.8	1	223895 33452
17	305120	9.8	1	265087 40033
18	177631	9.8	1	153971 23660
19	303988	9.8	1	265078 38910
20	280085	9.8	1	248015 32070
21	125117	9.8	1	108055 17062
22	227023	9.8	1	199324 27699
23	229030	9.8	1	199641 29389
24	254744	9.8	1	220477 34267
25	242637	9.8	1	214612 28025
26	202726	9.8	1	178277 24449
27	177305	9.8	1	154633 22672
28	246128	9.8	1	216967 29161
29	170010	9.8	1	149537 20473
30	191941	9.8	1	168617 23324
31	212544	9.8	1	186431 26113
32	180480	9.8	1	160580 19900
33	238247	9.8	1	209646 28601
34	168072	9.8	1	146580 21492
35	180069	9.8	1	161334 18735
36	166499	9.8	1	148492 18007
37	214153	9.8	1	192286 21867
38	136228	9.8	1	120779 15449
39	187373	9.8	1	167107 20266
40	152960	9.8	1	136686 16274
41	167976	9.8	1	150385 17591
42	177990	9.8	1	159012 18978
43	146727	9.8	1	131435 15292
44	153484	9.8	1	137455 16029
45	167468	9.8	1	149628 17840
46	157140	9.8	1	141139 16001
47	151607	9.8	1	136093 15514
48	134535	9.8	1	120649 13886
49	148355	9.8	1	132693 15662
50	137381	9.8	1	124485 12896
51	130449	9.8	1	117872 12577
52	136290	9.8	1	123238 13052
53	133374	9.8	1	119906 13468
54	151071	9.8	1	135802 15269
55	106336	9.8	1	95568 10768
56	132575	9.8	1	118791 13784
57	171656	9.8	1	155672 15984
58	83373	9.8	1	74225 9148
59	101993	9.8	1	92593 9400
60	124001	9.8	1	111395 12606
61	122041	9.8	1	110828 11213
62	95522	9.8	1	86076 9446
63	178397	9.8	1	162218 16179
64	100288	9.8	1	90710 9578
65	70962	9.8	1	64013 6949
66	71400	9.8	1	64205 7195
67	112711	9.8	1	103051 9660
68	88414	9.8	1	80562 7852
69	92218	9.8	1	83667 8551
70	105058	9.8	1	96039 9019
71	94428	9.8	1	86515 7913
72	90583	9.8	1	82577 8006
73	118183	9.8	1	108833 9350
74	56871	9.8	1	51802 5069
75	30289	9.8	1	26888 3401
76	57370	9.8	1	52513 4857
77	64931	9.8	1	59348 5583
78	63830	9.8	1	58375 5455
79	61600	9.8	1	56266 5334
80	58607	9.8	1	53355 5252
81	56357	9.8	1	51363 4994
82	53692	9.8	1	49032 4660
83	50974	9.8	1	46462 4512
84	48383	9.8	1	44082 4301
85	46312	9.8	1	42182 4130
86	43506	9.8	1	39526 3980
87	41061	9.8	1	37269 3792
88	38448	9.8	1	34933 3515
89	35936	9.8	1	32675 3261
90	33616	9.8	1	30645 2971
91	30985	9.8	1	28112 2873
92	29018	9.8	1	26312 2706
93	26657	9.8	1	24106 2551
94	24442	9.8	1	22222 2220
95	22594	9.8	1	20487 2107
96	20941	9.8	1	18916 2025
97	19057	9.8	1	17121 1936
98	17442	9.8	1	15704 1738
99	15969	9.8	1	14317 1652
100	14577	9.8	1	12977 1600
101	13176	9.8	1	11659 1517
102	11872	9.8	1	10518 1354
103	10497	9.8	1	9193 1304
104	9307	9.8	1	8126 1181
105	8436	9.8	1	7423 1013
106	7637	9.8	1	6617 1020
107	6727	9.8	1	5772 955
108	6269	9.8	1	5344 925
109	5540	9.8	1	4709 831
110	4882	9.8	1	4098 784
111	4333	9.8	1	3623 710
112	3743	9.8	1	3058 685
113	3459	9.8	1	2811 648
114	3005	9.8	1	2403 602
115	2599	9.8	1	2056 543
116	2377	9.8	1	1849 528
117	2243	9.8	1	1756 487
118	1916	9.8	1	1460 456
119	1748	9.8	1	1322 426
120	1935	9.8	1	1514 421
121	1478	9.8	1	1073 405
122	1344	9.8	1	978 366
123	1173	9.8	1	875 298
124	1007	9.8	1	735 272
125	991	9.8	1	717 274
126	907	9.8	1	634 273
127	839	9.8	1	607 232
128	723	9.8	1	512 211
129	666	9.8	1	489 177
130	521	9.8	1	387 134
131	457	9.8	1	363 94
132	363	9.8	1	274 89
133	258	9.8	1	198 60
134	247	9.8	1	195 52
135	206	9.8	1	159 47
136	151	9.8	1	110 41
137	117	9.8	1	98 19
138	109	9.8	1	86 23
139	76	9.8	1	59 17
140	60	9.8	1	33 27
141	42	9.8	1	24 18
142	29	9.8	1	14 15
143	24	9.8	1	7 17
144	31	9.8	1	10 21
145	39	9.8	1	9 30
146	26	9.8	1	3 23
147	30	9.8	1	8 22
148	31	9.8	1	5 26
149	39	9.8	1	7 32
150	28	9.8	1	2 26
151	53	9.8	1	9 44

RUN STATISTICS FOR INPUT FILE: 00_raw_reads/WR069V1E_S4_R2.fastq.gz
=============================================
658237093 sequences processed in total

Total number of sequences analysed for the sequence pair length validation: 658237093

Number of sequence pairs removed because at least one read was shorter than the length cutoff (20 bp): 131353 (0.02%)
