
SUMMARISING RUN PARAMETERS
==========================
Input filename: 00_raw_reads/WR069V9E_S14_R2.fastq.gz
Trimming mode: paired-end
Trim Galore version: 0.6.6
Cutadapt version: 3.4
Python version: could not detect
Number of cores used for trimming: 8
Quality Phred score cutoff: 20
Quality encoding type selected: ASCII+33
Using Illumina adapter for trimming (count: 29952). Second best hit was smallRNA (count: 0)
Adapter sequence: 'AGATCGGAAGAGC' (Illumina TruSeq, Sanger iPCR; auto-detected)
Maximum trimming error rate: 0.1 (default)
Minimum required adapter overlap (stringency): 1 bp
Minimum required sequence length for both reads before a sequence pair gets removed: 20 bp
Output file will be GZIP compressed


This is cutadapt 3.4 with Python 3.9.6
Command line parameters: -j 8 -e 0.1 -q 20 -O 1 -a AGATCGGAAGAGC 00_raw_reads/WR069V9E_S14_R2.fastq.gz
Processing reads on 8 cores in single-end mode ...
Finished in 913.09 s (5 µs/read; 11.40 M reads/minute).

=== Summary ===

Total reads processed:             173,458,772
Reads with adapters:                89,222,872 (51.4%)
Reads written (passing filters):   173,458,772 (100.0%)

Total basepairs processed: 26,192,274,572 bp
Quality-trimmed:              57,675,478 bp (0.2%)
Total written (filtered):  25,790,485,342 bp (98.5%)

=== Adapter 1 ===

Sequence: AGATCGGAAGAGC; Type: regular 3'; Length: 13; Trimmed: 89222872 times

No. of allowed errors:
1-9 bp: 0; 10-13 bp: 1

Bases preceding removed adapters:
  A: 56.4%
  C: 15.6%
  G: 1.0%
  T: 27.0%
  none/other: 0.0%

Overview of removed sequences
length	count	expect	max.err	error counts
1	81371992	43364693.0	0	81371992
2	391790	10841173.2	0	391790
3	242582	2710293.3	0	242582
4	167150	677573.3	0	167150
5	168626	169393.3	0	168626
6	142492	42348.3	0	142492
7	147552	10587.1	0	147552
8	171194	2646.8	0	171194
9	101561	661.7	0	100478 1083
10	161730	165.4	1	142732 18998
11	123940	41.4	1	109658 14282
12	147417	10.3	1	125193 22224
13	143003	2.6	1	122807 20196
14	155026	2.6	1	132514 22512
15	114511	2.6	1	98936 15575
16	133555	2.6	1	115568 17987
17	162159	2.6	1	141146 21013
18	87474	2.6	1	74763 12711
19	153928	2.6	1	134018 19910
20	146069	2.6	1	128876 17193
21	67445	2.6	1	58036 9409
22	118044	2.6	1	103176 14868
23	118757	2.6	1	103260 15497
24	142879	2.6	1	123682 19197
25	138156	2.6	1	122286 15870
26	100176	2.6	1	87773 12403
27	71937	2.6	1	61762 10175
28	133970	2.6	1	118512 15458
29	79768	2.6	1	69585 10183
30	105657	2.6	1	92971 12686
31	101758	2.6	1	89357 12401
32	93555	2.6	1	83804 9751
33	99226	2.6	1	87808 11418
34	96232	2.6	1	85122 11110
35	99812	2.6	1	87429 12383
36	94682	2.6	1	83515 11167
37	88775	2.6	1	79400 9375
38	93983	2.6	1	83366 10617
39	87003	2.6	1	77741 9262
40	110532	2.6	1	98980 11552
41	64909	2.6	1	57746 7163
42	88461	2.6	1	79106 9355
43	82000	2.6	1	73322 8678
44	77833	2.6	1	70011 7822
45	87060	2.6	1	77755 9305
46	85033	2.6	1	76271 8762
47	74774	2.6	1	67547 7227
48	68637	2.6	1	61719 6918
49	77700	2.6	1	69314 8386
50	69952	2.6	1	63512 6440
51	67954	2.6	1	61506 6448
52	70287	2.6	1	63780 6507
53	69232	2.6	1	62325 6907
54	76915	2.6	1	69498 7417
55	56659	2.6	1	50892 5767
56	68968	2.6	1	62054 6914
57	86368	2.6	1	78669 7699
58	44919	2.6	1	40229 4690
59	53578	2.6	1	48911 4667
60	63751	2.6	1	57671 6080
61	63369	2.6	1	57776 5593
62	49839	2.6	1	45062 4777
63	90760	2.6	1	82987 7773
64	52944	2.6	1	48280 4664
65	37026	2.6	1	33465 3561
66	37949	2.6	1	34364 3585
67	58132	2.6	1	53477 4655
68	46276	2.6	1	42354 3922
69	47833	2.6	1	43595 4238
70	55182	2.6	1	50796 4386
71	50065	2.6	1	46007 4058
72	48306	2.6	1	44119 4187
73	62870	2.6	1	58241 4629
74	29421	2.6	1	26961 2460
75	15305	2.6	1	13681 1624
76	30975	2.6	1	28460 2515
77	34511	2.6	1	31710 2801
78	34168	2.6	1	31462 2706
79	32379	2.6	1	29811 2568
80	31141	2.6	1	28645 2496
81	29603	2.6	1	27321 2282
82	28383	2.6	1	26188 2195
83	27229	2.6	1	25080 2149
84	25962	2.6	1	23972 1990
85	24872	2.6	1	22871 2001
86	23058	2.6	1	21362 1696
87	21766	2.6	1	20053 1713
88	20178	2.6	1	18630 1548
89	19077	2.6	1	17630 1447
90	18019	2.6	1	16706 1313
91	16623	2.6	1	15367 1256
92	15558	2.6	1	14366 1192
93	13904	2.6	1	12858 1046
94	12956	2.6	1	12036 920
95	11753	2.6	1	10844 909
96	10852	2.6	1	10023 829
97	9769	2.6	1	9047 722
98	9064	2.6	1	8396 668
99	8196	2.6	1	7608 588
100	7301	2.6	1	6751 550
101	6492	2.6	1	6009 483
102	5686	2.6	1	5251 435
103	5001	2.6	1	4622 379
104	4466	2.6	1	4123 343
105	3962	2.6	1	3672 290
106	3489	2.6	1	3218 271
107	2946	2.6	1	2705 241
108	2597	2.6	1	2384 213
109	2333	2.6	1	2141 192
110	1959	2.6	1	1816 143
111	1698	2.6	1	1555 143
112	1426	2.6	1	1287 139
113	1136	2.6	1	1036 100
114	985	2.6	1	884 101
115	778	2.6	1	678 100
116	666	2.6	1	582 84
117	578	2.6	1	506 72
118	468	2.6	1	399 69
119	420	2.6	1	368 52
120	495	2.6	1	446 49
121	286	2.6	1	228 58
122	196	2.6	1	165 31
123	156	2.6	1	122 34
124	157	2.6	1	129 28
125	131	2.6	1	101 30
126	105	2.6	1	84 21
127	95	2.6	1	71 24
128	79	2.6	1	57 22
129	76	2.6	1	57 19
130	53	2.6	1	37 16
131	43	2.6	1	25 18
132	38	2.6	1	27 11
133	31	2.6	1	23 8
134	13	2.6	1	11 2
135	22	2.6	1	20 2
136	24	2.6	1	18 6
137	15	2.6	1	12 3
138	14	2.6	1	12 2
139	12	2.6	1	10 2
140	9	2.6	1	3 6
141	6	2.6	1	5 1
142	9	2.6	1	4 5
143	7	2.6	1	2 5
144	1	2.6	1	0 1
145	5	2.6	1	1 4
146	3	2.6	1	0 3
147	4	2.6	1	3 1
148	8	2.6	1	1 7
149	8	2.6	1	0 8
150	5	2.6	1	0 5
151	18	2.6	1	3 15

RUN STATISTICS FOR INPUT FILE: 00_raw_reads/WR069V9E_S14_R2.fastq.gz
=============================================
173458772 sequences processed in total

Total number of sequences analysed for the sequence pair length validation: 173458772

Number of sequence pairs removed because at least one read was shorter than the length cutoff (20 bp): 16524 (0.01%)
