
SUMMARISING RUN PARAMETERS
==========================
Input filename: 00_raw_reads/WR069V9W_S24_R1.fastq.gz
Trimming mode: paired-end
Trim Galore version: 0.6.6
Cutadapt version: 3.4
Python version: could not detect
Number of cores used for trimming: 8
Quality Phred score cutoff: 20
Quality encoding type selected: ASCII+33
Using Illumina adapter for trimming (count: 40195). Second best hit was smallRNA (count: 0)
Adapter sequence: 'AGATCGGAAGAGC' (Illumina TruSeq, Sanger iPCR; auto-detected)
Maximum trimming error rate: 0.1 (default)
Minimum required adapter overlap (stringency): 1 bp
Minimum required sequence length for both reads before a sequence pair gets removed: 20 bp
All Read 1 sequences will be trimmed by 10 bp from their 5' end to avoid poor qualities or biases
All Read 2 sequences will be trimmed by 15 bp from their 5' end to avoid poor qualities or biases (e.g. M-bias for BS-Seq applications)
All Read 1 sequences will be trimmed by 10 bp from their 3' end to avoid poor qualities or biases
All Read 2 sequences will be trimmed by 10 bp from their 3' end to avoid poor qualities or biases
Output file will be GZIP compressed


This is cutadapt 3.4 with Python 3.9.6
Command line parameters: -j 8 -e 0.1 -q 20 -O 1 -a AGATCGGAAGAGC 00_raw_reads/WR069V9W_S24_R1.fastq.gz
Processing reads on 8 cores in single-end mode ...
Finished in 912.45 s (5 µs/read; 10.93 M reads/minute).

=== Summary ===

Total reads processed:             166,282,895
Reads with adapters:                69,427,749 (41.8%)
Reads written (passing filters):   166,282,895 (100.0%)

Total basepairs processed: 25,108,717,145 bp
Quality-trimmed:              24,565,896 bp (0.1%)
Total written (filtered):  24,787,791,847 bp (98.7%)

=== Adapter 1 ===

Sequence: AGATCGGAAGAGC; Type: regular 3'; Length: 13; Trimmed: 69427749 times

No. of allowed errors:
1-9 bp: 0; 10-13 bp: 1

Bases preceding removed adapters:
  A: 28.1%
  C: 18.4%
  G: 13.0%
  T: 40.4%
  none/other: 0.0%

Overview of removed sequences
length	count	expect	max.err	error counts
1	42614000	41570723.8	0	42614000
2	9815924	10392680.9	0	9815924
3	4048960	2598170.2	0	4048960
4	1699140	649542.6	0	1699140
5	627989	162385.6	0	627989
6	610702	40596.4	0	610702
7	487763	10149.1	0	487763
8	563431	2537.3	0	563431
9	513644	634.3	0	511270 2374
10	466354	158.6	1	449574 16780
11	536368	39.6	1	498886 37482
12	488804	9.9	1	467275 21529
13	392967	2.5	1	375505 17462
14	427709	2.5	1	399320 28389
15	395213	2.5	1	377111 18102
16	378239	2.5	1	351813 26426
17	411051	2.5	1	380354 30697
18	472419	2.5	1	454565 17854
19	157019	2.5	1	148915 8104
20	308698	2.5	1	293868 14830
21	315179	2.5	1	299205 15974
22	239648	2.5	1	230541 9107
23	280481	2.5	1	265577 14904
24	246605	2.5	1	226447 20158
25	244947	2.5	1	233524 11423
26	170831	2.5	1	163106 7725
27	207346	2.5	1	195801 11545
28	181487	2.5	1	172675 8812
29	182673	2.5	1	169041 13632
30	215913	2.5	1	207227 8686
31	80832	2.5	1	76713 4119
32	140424	2.5	1	134228 6196
33	126119	2.5	1	118657 7462
34	128225	2.5	1	119649 8576
35	107303	2.5	1	103033 4270
36	92658	2.5	1	88496 4162
37	82192	2.5	1	78966 3226
38	89658	2.5	1	85260 4398
39	80744	2.5	1	76397 4347
40	65937	2.5	1	61058 4879
41	71479	2.5	1	67347 4132
42	52350	2.5	1	50749 1601
43	71332	2.5	1	67035 4297
44	35327	2.5	1	33463 1864
45	70733	2.5	1	67824 2909
46	11900	2.5	1	11128 772
47	36216	2.5	1	34494 1722
48	42157	2.5	1	40192 1965
49	21078	2.5	1	20297 781
50	29781	2.5	1	28050 1731
51	25087	2.5	1	23736 1351
52	20088	2.5	1	19353 735
53	20294	2.5	1	19431 863
54	23958	2.5	1	22525 1433
55	21787	2.5	1	21067 720
56	6252	2.5	1	5918 334
57	18331	2.5	1	17617 714
58	10979	2.5	1	10578 401
59	6303	2.5	1	6004 299
60	11900	2.5	1	11489 411
61	4106	2.5	1	3892 214
62	8298	2.5	1	7964 334
63	10985	2.5	1	10594 391
64	4425	2.5	1	4259 166
65	3984	2.5	1	3807 177
66	5487	2.5	1	5266 221
67	5048	2.5	1	4834 214
68	5194	2.5	1	4964 230
69	4629	2.5	1	4378 251
70	7705	2.5	1	7372 333
71	1209	2.5	1	1114 95
72	969	2.5	1	887 82
73	1446	2.5	1	1380 66
74	2062	2.5	1	1984 78
75	2264	2.5	1	2151 113
76	2138	2.5	1	2032 106
77	1964	2.5	1	1870 94
78	1826	2.5	1	1743 83
79	1687	2.5	1	1605 82
80	1512	2.5	1	1438 74
81	1456	2.5	1	1376 80
82	1342	2.5	1	1261 81
83	1254	2.5	1	1177 77
84	1204	2.5	1	1122 82
85	1074	2.5	1	1014 60
86	1049	2.5	1	985 64
87	971	2.5	1	912 59
88	926	2.5	1	861 65
89	874	2.5	1	820 54
90	842	2.5	1	776 66
91	813	2.5	1	761 52
92	731	2.5	1	675 56
93	695	2.5	1	644 51
94	693	2.5	1	645 48
95	605	2.5	1	563 42
96	653	2.5	1	604 49
97	599	2.5	1	563 36
98	586	2.5	1	541 45
99	512	2.5	1	467 45
100	517	2.5	1	472 45
101	501	2.5	1	460 41
102	499	2.5	1	460 39
103	463	2.5	1	430 33
104	459	2.5	1	415 44
105	437	2.5	1	408 29
106	440	2.5	1	412 28
107	388	2.5	1	357 31
108	402	2.5	1	378 24
109	362	2.5	1	335 27
110	374	2.5	1	349 25
111	411	2.5	1	371 40
112	451	2.5	1	407 44
113	493	2.5	1	460 33
114	517	2.5	1	481 36
115	454	2.5	1	429 25
116	482	2.5	1	449 33
117	436	2.5	1	409 27
118	491	2.5	1	469 22
119	567	2.5	1	541 26
120	539	2.5	1	518 21
121	675	2.5	1	651 24
122	546	2.5	1	525 21
123	587	2.5	1	570 17
124	653	2.5	1	644 9
125	532	2.5	1	518 14
126	597	2.5	1	572 25
127	480	2.5	1	462 18
128	343	2.5	1	330 13
129	415	2.5	1	406 9
130	298	2.5	1	280 18
131	182	2.5	1	171 11
132	299	2.5	1	278 21
133	340	2.5	1	320 20
134	212	2.5	1	189 23
135	160	2.5	1	147 13
136	172	2.5	1	150 22
137	148	2.5	1	141 7
138	121	2.5	1	108 13
139	164	2.5	1	149 15
140	155	2.5	1	139 16
141	188	2.5	1	167 21
142	223	2.5	1	205 18
143	196	2.5	1	179 17
144	235	2.5	1	218 17
145	330	2.5	1	287 43
146	418	2.5	1	384 34
147	353	2.5	1	326 27
148	256	2.5	1	244 12
149	1188	2.5	1	1126 62
150	1142	2.5	1	1072 70
151	9713	2.5	1	9071 642

RUN STATISTICS FOR INPUT FILE: 00_raw_reads/WR069V9W_S24_R1.fastq.gz
=============================================
166282895 sequences processed in total

