
SUMMARISING RUN PARAMETERS
==========================
Input filename: 00_raw_reads/WR069V1W_S22_R1.fastq.gz
Trimming mode: paired-end
Trim Galore version: 0.6.6
Cutadapt version: 3.4
Python version: could not detect
Number of cores used for trimming: 8
Quality Phred score cutoff: 20
Quality encoding type selected: ASCII+33
Using Illumina adapter for trimming (count: 21403). Second best hit was Nextera (count: 0)
Adapter sequence: 'AGATCGGAAGAGC' (Illumina TruSeq, Sanger iPCR; auto-detected)
Maximum trimming error rate: 0.1 (default)
Minimum required adapter overlap (stringency): 1 bp
Minimum required sequence length for both reads before a sequence pair gets removed: 20 bp
Output file will be GZIP compressed


This is cutadapt 3.4 with Python 3.9.6
Command line parameters: -j 8 -e 0.1 -q 20 -O 1 -a AGATCGGAAGAGC 00_raw_reads/WR069V1W_S22_R1.fastq.gz
Processing reads on 8 cores in single-end mode ...
Finished in 1358.09 s (5 µs/read; 12.64 M reads/minute).

=== Summary ===

Total reads processed:             286,212,154
Reads with adapters:               113,789,588 (39.8%)
Reads written (passing filters):   286,212,154 (100.0%)

Total basepairs processed: 43,218,035,254 bp
Quality-trimmed:              41,409,495 bp (0.1%)
Total written (filtered):  42,828,590,738 bp (99.1%)

=== Adapter 1 ===

Sequence: AGATCGGAAGAGC; Type: regular 3'; Length: 13; Trimmed: 113789588 times

No. of allowed errors:
1-9 bp: 0; 10-13 bp: 1

Bases preceding removed adapters:
  A: 30.6%
  C: 11.0%
  G: 14.6%
  T: 43.8%
  none/other: 0.0%

Overview of removed sequences
length	count	expect	max.err	error counts
1	75952673	71553038.5	0	75952673
2	17628922	17888259.6	0	17628922
3	6754316	4472064.9	0	6754316
4	2683424	1118016.2	0	2683424
5	665597	279504.1	0	665597
6	634930	69876.0	0	634930
7	498015	17469.0	0	498015
8	575209	4367.3	0	575209
9	503281	1091.8	0	499189 4092
10	460470	273.0	1	440291 20179
11	529675	68.2	1	489766 39909
12	469033	17.1	1	447355 21678
13	383467	4.3	1	365196 18271
14	412323	4.3	1	383492 28831
15	385439	4.3	1	366842 18597
16	350309	4.3	1	324994 25315
17	384853	4.3	1	354444 30409
18	447253	4.3	1	429738 17515
19	132586	4.3	1	125457 7129
20	287484	4.3	1	272119 15365
21	280030	4.3	1	265954 14076
22	217604	4.3	1	209025 8579
23	248869	4.3	1	234820 14049
24	226525	4.3	1	206769 19756
25	216212	4.3	1	205611 10601
26	152223	4.3	1	144939 7284
27	182525	4.3	1	171958 10567
28	158087	4.3	1	150002 8085
29	159612	4.3	1	147201 12411
30	183769	4.3	1	176062 7707
31	73020	4.3	1	69110 3910
32	119256	4.3	1	113645 5611
33	109289	4.3	1	102493 6796
34	103336	4.3	1	97216 6120
35	92985	4.3	1	87745 5240
36	98080	4.3	1	90832 7248
37	111820	4.3	1	107739 4081
38	25328	4.3	1	23916 1412
39	68017	4.3	1	64184 3833
40	61467	4.3	1	58171 3296
41	68337	4.3	1	62986 5351
42	45723	4.3	1	43945 1778
43	67855	4.3	1	63344 4511
44	24683	4.3	1	23325 1358
45	65682	4.3	1	62391 3291
46	9867	4.3	1	9202 665
47	33684	4.3	1	31762 1922
48	49275	4.3	1	46783 2492
49	14856	4.3	1	14072 784
50	31232	4.3	1	29334 1898
51	22369	4.3	1	21057 1312
52	17623	4.3	1	16956 667
53	18888	4.3	1	17988 900
54	36894	4.3	1	34974 1920
55	17056	4.3	1	16391 665
56	4002	4.3	1	3662 340
57	23298	4.3	1	22410 888
58	5236	4.3	1	4966 270
59	5852	4.3	1	5536 316
60	12273	4.3	1	11767 506
61	2280	4.3	1	2096 184
62	9459	4.3	1	8997 462
63	15207	4.3	1	14671 536
64	2466	4.3	1	2295 171
65	3892	4.3	1	3657 235
66	7044	4.3	1	6812 232
67	5598	4.3	1	5340 258
68	6676	4.3	1	6342 334
69	6322	4.3	1	5943 379
70	11269	4.3	1	10724 545
71	2129	4.3	1	1946 183
72	1399	4.3	1	1281 118
73	1815	4.3	1	1691 124
74	2868	4.3	1	2734 134
75	3549	4.3	1	3347 202
76	3531	4.3	1	3335 196
77	3308	4.3	1	3097 211
78	3111	4.3	1	2913 198
79	2982	4.3	1	2809 173
80	2921	4.3	1	2727 194
81	2718	4.3	1	2537 181
82	2510	4.3	1	2326 184
83	2417	4.3	1	2236 181
84	2378	4.3	1	2215 163
85	2263	4.3	1	2112 151
86	2203	4.3	1	2039 164
87	1983	4.3	1	1832 151
88	1914	4.3	1	1786 128
89	1859	4.3	1	1753 106
90	1852	4.3	1	1709 143
91	1767	4.3	1	1649 118
92	1685	4.3	1	1591 94
93	1685	4.3	1	1588 97
94	1563	4.3	1	1464 99
95	1448	4.3	1	1341 107
96	1443	4.3	1	1349 94
97	1444	4.3	1	1339 105
98	1328	4.3	1	1222 106
99	1334	4.3	1	1232 102
100	1288	4.3	1	1200 88
101	1249	4.3	1	1158 91
102	1188	4.3	1	1100 88
103	1234	4.3	1	1148 86
104	1210	4.3	1	1117 93
105	1093	4.3	1	1007 86
106	1086	4.3	1	1004 82
107	989	4.3	1	911 78
108	1051	4.3	1	961 90
109	971	4.3	1	900 71
110	975	4.3	1	899 76
111	947	4.3	1	872 75
112	994	4.3	1	931 63
113	913	4.3	1	840 73
114	994	4.3	1	932 62
115	908	4.3	1	834 74
116	893	4.3	1	832 61
117	943	4.3	1	892 51
118	972	4.3	1	902 70
119	966	4.3	1	923 43
120	966	4.3	1	926 40
121	1079	4.3	1	1036 43
122	983	4.3	1	943 40
123	918	4.3	1	883 35
124	1087	4.3	1	1054 33
125	811	4.3	1	778 33
126	913	4.3	1	891 22
127	845	4.3	1	816 29
128	648	4.3	1	606 42
129	657	4.3	1	623 34
130	545	4.3	1	526 19
131	422	4.3	1	398 24
132	492	4.3	1	475 17
133	464	4.3	1	432 32
134	409	4.3	1	367 42
135	358	4.3	1	317 41
136	287	4.3	1	262 25
137	239	4.3	1	217 22
138	277	4.3	1	259 18
139	325	4.3	1	304 21
140	320	4.3	1	301 19
141	316	4.3	1	285 31
142	395	4.3	1	371 24
143	361	4.3	1	319 42
144	431	4.3	1	396 35
145	598	4.3	1	552 46
146	956	4.3	1	887 69
147	598	4.3	1	560 38
148	306	4.3	1	284 22
149	1835	4.3	1	1724 111
150	1519	4.3	1	1399 120
151	12746	4.3	1	11748 998

RUN STATISTICS FOR INPUT FILE: 00_raw_reads/WR069V1W_S22_R1.fastq.gz
=============================================
286212154 sequences processed in total

